Unidade Gestora;Localidade;Responsável Localidade;Patrimonio;Descrição;Observação;Status;Situação;Responsável bem;Auditor;Data ultima vistoria;Data vistoria atual;data criação;Data atualização
UNB;110124_4380 - COORD.DO CURSO DE MÚSICA-MUS/CEAD_186231;ALICE MELO RIBEIRO;254131;APARELHO DE AR CONDICIONADO;Bem MIGRADO do SIPAT: Registro: 254131 - Origem: FUBDados da última movimentação no SIPAT:Ano: 2017 Número: 5458 Matrícula Remetente: 122432 Matrícula Recebedor: 1044800 Local Remetente: 132764 Local Recebedor: 186231 Tipo de Movimentacão: 2 Data: Mai  3 2017  9:56AM Justificativa: 23106.044368/2017-53Documentos de Ingresso: TIPO DE DOC. INGRESSO: 6013 NOTA FISCALEmpenho(s): EMPENHOS: Número: 902469 Data:Mai  8 2007 12:00AM;Em uso;EFETIVADO;;;;;;
UNB;110124_4392 - SALA DA COORD. PLANEJAMENTO E FINANANÇAS / CEAD;ALICE MELO RIBEIRO;416096;APARELHO DE AR CONDICIONADO;Bem MIGRADO do SIPAT: Registro: 416096 - Origem: PESFISDados da última movimentação no SIPAT:Ano: 2019 Número: 6738 Matrícula Remetente: 1043391 Matrícula Recebedor: 1041321 Local Remetente: 185501 Local Recebedor: 191751 Tipo de Movimentacão: 2 Data: Jun 21 2019 12:12PM Justificativa:Documentos de Ingresso: Empenho(s):;Em uso;ACAUTELADO;BRENO MESQUITA DA SILVA;;;;;
UNB;110124_4385 - SALA DA ASSESSORIA DA UAB / CEAD;ALICE MELO RIBEIRO;416094;APARELHO DE AR CONDICIONADO;Bem MIGRADO do SIPAT: Registro: 416094 - Origem: PESFISDados da última movimentação no SIPAT:Ano: 2019 Número: 6694 Matrícula Remetente: 1043391 Matrícula Recebedor: 1094122 Local Remetente: 185501 Local Recebedor: 191741 Tipo de Movimentacão: 2 Data: Jun 21 2019 12:12PM Justificativa:Documentos de Ingresso: Empenho(s):;Em uso;EFETIVADO;;;;;;
UNB;110124_4387 - RECEPÇÃO / CEAD;ALICE MELO RIBEIRO;416095;APARELHO DE AR CONDICIONADO;Bem MIGRADO do SIPAT: Registro: 416095 - Origem: PESFISDados da última movimentação no SIPAT:Ano: 2019 Número: 9489 Matrícula Remetente: 1043391 Matrícula Recebedor: 1123220 Local Remetente: 185501 Local Recebedor: 191753 Tipo de Movimentacão: 2 Data: Jul 31 2019  3:58PM Justificativa:Documentos de Ingresso: Empenho(s):;Em uso;EFETIVADO;;;;;;
UNB;110124_4387 - RECEPÇÃO / CEAD;ALICE MELO RIBEIRO;2022001019;APARELHO DE TELEVISÃON/S: 108AZSPEB838;TELEVISÃO LG  7618/2021  PATRIMÔNIO ANTERIOR 447308;Em uso;EFETIVADO;;;;;;
UNB;110124_4393 - SALA CTIC / CEAD;ALICE MELO RIBEIRO;2022001018;APARELHO DE TELEVISÃON/S: 108AZVNEB807;TELEVISÃO LG  7618/2021  PATRIMÔNIO ANTERIOR 447307;Em uso;ACAUTELADO;LUIS MARCOS MARTINS DO NASCIMENTO;;;;;
UNB;110124_4391 - SALA DA SECRETARIA / CEAD;ALICE MELO RIBEIRO;2022001020;APARELHO DE TELEVISÃON/S: 108AZVNEB831;TELEVISÃO LG  7618/2021  PATRIMÔNIO ANTERIOR 447309;Em uso;EFETIVADO;;;;;;
UNB;110124_4375 - UNIVERSIDADE ABERTA DO BRASIL/CEAD_185501;ALICE MELO RIBEIRO;284100;APARELHO TELEFONICO;Bem MIGRADO do SIPAT: Registro: 284100 - Origem: FUBDados da última movimentação no SIPAT:Ano: 2014 Número: 13974 Matrícula Remetente:  Matrícula Recebedor: 1043391 Local Remetente:  Local Recebedor: 185501 Tipo de Movimentacão: 1 Data: Jan 30 2015 11:45AM Justificativa:Documentos de Ingresso: TIPO DE DOC. INGRESSO: 10614 NOTA FISCALEmpenho(s): EMPENHOS: Número: 911823 Data:Dez 14 2008 12:00AM;Em uso;EFETIVADO;;;;;;
UNB;110124_4375 - UNIVERSIDADE ABERTA DO BRASIL/CEAD_185501;ALICE MELO RIBEIRO;284517;APARELHO TELEFONICO;Bem MIGRADO do SIPAT: Registro: 284517 - Origem: FUBDados da última movimentação no SIPAT:Ano: 2014 Número: 6950 Matrícula Remetente:  Matrícula Recebedor: 1043391 Local Remetente:  Local Recebedor: 185501 Tipo de Movimentacão: 1 Data: Jul 22 2014 11:45AM Justificativa:Documentos de Ingresso: TIPO DE DOC. INGRESSO: 10614 NOTA FISCALEmpenho(s): EMPENHOS: Número: 911823 Data:Dez 14 2008 12:00AM;Em uso;EFETIVADO;;;;;;
UNB;110124_4381 - COORD.DO CURSO DE LETRAS-LIP/CEAD_186773;ALICE MELO RIBEIRO;330433;APARELHO TELEFÔNICO SEM FIO;Bem MIGRADO do SIPAT: Registro: 330433 - Origem: FUBDados da última movimentação no SIPAT:Ano: 2012 Número: 1250 Matrícula Remetente: 150401 Matrícula Recebedor: 1015826 Local Remetente: 185740 Local Recebedor: 186773 Tipo de Movimentacão: 3 Data: Mar  2 2012  9:47AM Justificativa:Documentos de Ingresso: TIPO DE DOC. INGRESSO: 5177 NOTA FISCALEmpenho(s): EMPENHOS: Número: 912911 Data:Nov 18 2009 12:00AM;Em uso;ACAUTELADO;JANAINA DE AQUINO FERRAZ;;;;;
UNB;110124_4393 - SALA CTIC / CEAD;ALICE MELO RIBEIRO;395595;ARMARIO ALTO;Bem MIGRADO do SIPAT: Registro: 395595 - Origem: FUBDados da última movimentação no SIPAT:Ano: 2020 Número: 2055 Matrícula Remetente: 9992242 Matrícula Recebedor: 9992241 Local Remetente: 188228 Local Recebedor: 188229 Tipo de Movimentacão: 6 Data: Fev 20 2020 10:58AM Justificativa: devolução de bens do contrato 034/2019-82Documentos de Ingresso: TIPO DE DOC. INGRESSO: 1558 NOTA FISCALEmpenho(s): EMPENHOS: Número: 802057 Data:Jul 31 2013 12:00AM;Em uso;ACAUTELADO;SEBASTIAO HENRIQUE DE BRITTO LOPES;;;;;
UNB;110124_4393 - SALA CTIC / CEAD;ALICE MELO RIBEIRO;395598;ARMARIO ALTO;Bem MIGRADO do SIPAT: Registro: 395598 - Origem: FUBDados da última movimentação no SIPAT:Ano: 2020 Número: 1693 Matrícula Remetente: 9992242 Matrícula Recebedor: 9992241 Local Remetente: 188228 Local Recebedor: 188229 Tipo de Movimentacão: 6 Data: Fev 20 2020 11:00AM Justificativa: Processo SEI 23106.159132/2019-82Documentos de Ingresso: TIPO DE DOC. INGRESSO: 1558 NOTA FISCALEmpenho(s): EMPENHOS: Número: 802057 Data:Jul 31 2013 12:00AM;Em uso;ACAUTELADO;SEBASTIAO HENRIQUE DE BRITTO LOPES;;;;;
UNB;110124_4385 - SALA DA ASSESSORIA DA UAB / CEAD;ALICE MELO RIBEIRO;472283;ARMARIO ALTO;Bem MIGRADO do SIPAT: Registro: 472283 - Origem: FUBDados da última movimentação no SIPAT:Ano: 2020 Número: 919 Matrícula Remetente: 1094122 Matrícula Recebedor: 1120450 Local Remetente: 191739 Local Recebedor: 191747 Tipo de Movimentacão: 2 Data: Jan 31 2020  3:00PM Justificativa:Documentos de Ingresso: TIPO DE DOC. INGRESSO: 89.755 NOTA FISCALEmpenho(s): EMPENHOS: Número: 803850 Data:Out  1 2019 12:00AM;Em uso;EFETIVADO;;;;;;
UNB;110124_4393 - SALA CTIC / CEAD;ALICE MELO RIBEIRO;395596;ARMARIO ALTO;Bem MIGRADO do SIPAT: Registro: 395596 - Origem: FUBDados da última movimentação no SIPAT:Ano: 2020 Número: 1693 Matrícula Remetente: 9992242 Matrícula Recebedor: 9992241 Local Remetente: 188228 Local Recebedor: 188229 Tipo de Movimentacão: 6 Data: Fev 20 2020 11:00AM Justificativa: Processo SEI 23106.159132/2019-82Documentos de Ingresso: TIPO DE DOC. INGRESSO: 1558 NOTA FISCALEmpenho(s): EMPENHOS: Número: 802057 Data:Jul 31 2013 12:00AM;Em uso;ACAUTELADO;SEBASTIAO HENRIQUE DE BRITTO LOPES;;;;;
UNB;110124_4393 - SALA CTIC / CEAD;ALICE MELO RIBEIRO;395597;ARMARIO ALTO;Bem MIGRADO do SIPAT: Registro: 395597 - Origem: FUBDados da última movimentação no SIPAT:Ano: 2020 Número: 2133 Matrícula Remetente: 9992242 Matrícula Recebedor: 9992241 Local Remetente: 188228 Local Recebedor: 188229 Tipo de Movimentacão: 6 Data: Fev 26 2020  5:27PM Justificativa: Devvolução de bens do contrato 034/2019 CebraspeDocumentos de Ingresso: TIPO DE DOC. INGRESSO: 1558 NOTA FISCALEmpenho(s): EMPENHOS: Número: 802057 Data:Jul 31 2013 12:00AM;Em uso;ACAUTELADO;SEBASTIAO HENRIQUE DE BRITTO LOPES;;;;;
UNB;110124_4393 - SALA CTIC / CEAD;ALICE MELO RIBEIRO;395600;ARMARIO ALTO;Bem MIGRADO do SIPAT: Registro: 395600 - Origem: FUBDados da última movimentação no SIPAT:Ano: 2020 Número: 2133 Matrícula Remetente: 9992242 Matrícula Recebedor: 9992241 Local Remetente: 188228 Local Recebedor: 188229 Tipo de Movimentacão: 6 Data: Fev 26 2020  5:27PM Justificativa: Devvolução de bens do contrato 034/2019 CebraspeDocumentos de Ingresso: TIPO DE DOC. INGRESSO: 1558 NOTA FISCALEmpenho(s): EMPENHOS: Número: 802057 Data:Jul 31 2013 12:00AM;Em uso;ACAUTELADO;SEBASTIAO HENRIQUE DE BRITTO LOPES;;;;;
UNB;110124_4391 - SALA DA SECRETARIA / CEAD;ALICE MELO RIBEIRO;2022003366;ARMÁRIO; ALTO;-ARMÁRIO ALTO -PATRIMÔNIO ANTERIOR: 348310;MARELLI;Em uso;;;;;
UNB;110124_4393 - SALA CTIC / CEAD;ALICE MELO RIBEIRO;2022003368;ARMÁRIO; ALTO;-ARMÁRIO ALTO -PATRIMÔNIO ANTERIOR: 329895;NÃO INFORMADA;Em uso;;;;;
UNB;110124_4394 - SALA COORDENAÇÃO ACADÊMICA / CEAD;ALICE MELO RIBEIRO;2022003371;ARMÁRIO; ALTO;ARMÁRIO ALTO 2 PORTAS COM TAMPO SUPERRIORPATRIMÔNIO ANTERIOR: 401324;MARELLI;Em uso;;;;;
UNB;110124_4393 - SALA CTIC / CEAD;ALICE MELO RIBEIRO;2022003392;ARMÁRIO; ALTO;-ARMÁRIO ALTO 2 PORTAS COM TAMPO SUPERIOR-PATRIMÔNIO ANTERIOR: 401331;MARELLI;Em uso;;;;;
UNB;110124_4391 - SALA DA SECRETARIA / CEAD;ALICE MELO RIBEIRO;2022003367;ARMÁRIO; ALTO;-ARMÁRIO ALTO C/02 PORTAS -PATRIMÔNIO ANTERIOR: 395661;MARELLI;Em uso;;;;;
UNB;110124_4394 - SALA COORDENAÇÃO ACADÊMICA / CEAD;ALICE MELO RIBEIRO;2022003369;ARMÁRIO; ALTO;-ARMÁRIO ALTO -PATRIMÔNIO ANTERIOR: 329900;NÃO INFORMADA;Em uso;;;;;
UNB;110124_4394 - SALA COORDENAÇÃO ACADÊMICA / CEAD;ALICE MELO RIBEIRO;332740;ARMARIO BAIXO;Bem MIGRADO do SIPAT: Registro: 332740 - Origem: FUBDados da última movimentação no SIPAT:Ano: 2020 Número: 1700 Matrícula Remetente: 9992242 Matrícula Recebedor: 9992241 Local Remetente: 188228 Local Recebedor: 188229 Tipo de Movimentacão: 6 Data: Fev 19 2020  5:13PM Justificativa: Processo SEI 23106.159132/2019-82Documentos de Ingresso: TIPO DE DOC. INGRESSO: 756 NOTA FISCALEmpenho(s): EMPENHOS: Número: 904298 Data:Out 31 2008 12:00AM;Em uso;EFETIVADO;;;;;;
UNB;110124_4384 - SALA DA DIREÇÃO / CEAD;ALICE MELO RIBEIRO;469722;ARMARIO BAIXO;Bem MIGRADO do SIPAT: Registro: 469722 - Origem: FUBDados da última movimentação no SIPAT:Ano: 2019 Número: 10171 Matrícula Remetente: 1094122 Matrícula Recebedor: 1094122 Local Remetente: 191739 Local Recebedor: 191741 Tipo de Movimentacão: 2 Data: Ago  5 2019  2:48PM Justificativa:Documentos de Ingresso: TIPO DE DOC. INGRESSO: 86.756 NOTA FISCALEmpenho(s): EMPENHOS: Número: 801115 Data:Abr 18 2019 12:00AM;Em uso;EFETIVADO;;;;;;
UNB;110124_4375 - UNIVERSIDADE ABERTA DO BRASIL/CEAD_185501;ALICE MELO RIBEIRO;232998;ARMÁRIO DE AÇO;Bem MIGRADO do SIPAT: Registro: 232998 - Origem: FUBDados da última movimentação no SIPAT:Ano: 2012 Número: 13844 Matrícula Remetente: 67385 Matrícula Recebedor: 713546 Local Remetente: 185143 Local Recebedor: 185501 Tipo de Movimentacão: 2 Data: Jan  9 2013  2:42PM Justificativa:Documentos de Ingresso: TIPO DE DOC. INGRESSO: 13949 NOTA FISCALEmpenho(s): EMPENHOS: Número: 902359 Data:Mai  4 2005 12:00AM;Em uso;ACAUTELADO;RUI SEIMETZ;;;;;
UNB;110124_4375 - UNIVERSIDADE ABERTA DO BRASIL/CEAD_185501;ALICE MELO RIBEIRO;271983;ARMÁRIO DE AÇO;Bem MIGRADO do SIPAT: Registro: 271983 - Origem: FUBDados da última movimentação no SIPAT:Ano: 2012 Número: 12815 Matrícula Remetente: 1042459 Matrícula Recebedor: 713546 Local Remetente: 185501 Local Recebedor: 185501 Tipo de Movimentacão: 2 Data: Dez 17 2012 10:39AM Justificativa:Documentos de Ingresso: TIPO DE DOC. INGRESSO: 2519 NOTA FISCALEmpenho(s): EMPENHOS: Número: 911964 Data:Dez 17 2007 12:00AM;Em uso;ACAUTELADO;RUI SEIMETZ;;;;;
UNB;110124_4375 - UNIVERSIDADE ABERTA DO BRASIL/CEAD_185501;ALICE MELO RIBEIRO;271963;ARMÁRIO DE AÇO;Bem MIGRADO do SIPAT: Registro: 271963 - Origem: FUBDados da última movimentação no SIPAT:Ano: 2012 Número: 13748 Matrícula Remetente: 866512 Matrícula Recebedor: 713546 Local Remetente: 185501 Local Recebedor: 185501 Tipo de Movimentacão: 2 Data: Dez 17 2012 10:39AM Justificativa:Documentos de Ingresso: TIPO DE DOC. INGRESSO: 2519 NOTA FISCALEmpenho(s): EMPENHOS: Número: 911964 Data:Dez 17 2007 12:00AM;Em uso;ACAUTELADO;RUI SEIMETZ;;;;;
UNB;110124_4381 - COORD.DO CURSO DE LETRAS-LIP/CEAD_186773;ALICE MELO RIBEIRO;347134;ARMÁRIO DE MADEIRA;Bem MIGRADO do SIPAT: Registro: 347134 - Origem: FUBDados da última movimentação no SIPAT:Ano: 2012 Número: 1250 Matrícula Remetente: 150401 Matrícula Recebedor: 1015826 Local Remetente: 185740 Local Recebedor: 186773 Tipo de Movimentacão: 3 Data: Mar  2 2012  9:47AM Justificativa:Documentos de Ingresso: TIPO DE DOC. INGRESSO: 9648 NOTA FISCALEmpenho(s): EMPENHOS: Número: 914932 Data:Dez  8 2009 12:00AM;Em uso;ACAUTELADO;JANAINA DE AQUINO FERRAZ;;;;;
UNB;110124_4398 - SALA ILHA DE EDIÇÃO / CEAD;ALICE MELO RIBEIRO;413648;ARMÁRIO DE MADEIRA;Bem MIGRADO do SIPAT: Registro: 413648 - Origem: FUBDados da última movimentação no SIPAT:Ano: 2019 Número: 9489 Matrícula Remetente: 1043391 Matrícula Recebedor: 1123220 Local Remetente: 185501 Local Recebedor: 191753 Tipo de Movimentacão: 2 Data: Jul 31 2019  3:58PM Justificativa:Documentos de Ingresso: TIPO DE DOC. INGRESSO: 20355 NOTA FISCALEmpenho(s): EMPENHOS: Número: 806138 Data:Nov  5 2013 12:00AM;Em uso;ACAUTELADO;EDER DE SOUSA VASCONCELOS;;;;;
UNB;110124_4396 - SALA ESTÚDIO DE GRAVAÇÃO / CEAD;ALICE MELO RIBEIRO;367238;ARMÁRIO DE MADEIRA;Bem MIGRADO do SIPAT: Registro: 367238 - Origem: FEPADDados da última movimentação no SIPAT:Ano: 2019 Número: 9421 Matrícula Remetente: 1047931 Matrícula Recebedor: 1116100 Local Remetente: 133728 Local Recebedor: 191754 Tipo de Movimentacão: 2 Data: Jul 31 2019 10:46AM Justificativa:Documentos de Ingresso: TIPO DE DOC. INGRESSO: 2404 NOTA FISCAL | 151 ATO DO DECANATO DE ADMINISTRAÇÃOEmpenho(s):;Em uso;EFETIVADO;;;;;;
UNB;110124_4396 - SALA ESTÚDIO DE GRAVAÇÃO / CEAD;ALICE MELO RIBEIRO;367235;ARMÁRIO DE MADEIRA;Bem MIGRADO do SIPAT: Registro: 367235 - Origem: FEPADDados da última movimentação no SIPAT:Ano: 2019 Número: 9429 Matrícula Remetente: 1107500 Matrícula Recebedor: 1116100 Local Remetente: 133728 Local Recebedor: 191754 Tipo de Movimentacão: 2 Data: Jul 30 2019  3:02PM Justificativa:Documentos de Ingresso: TIPO DE DOC. INGRESSO: 2404 NOTA FISCAL | 151 ATO DO DECANATO DE ADMINISTRAÇÃOEmpenho(s):;Em uso;EFETIVADO;;;;;;
UNB;110124_4393 - SALA CTIC / CEAD;ALICE MELO RIBEIRO;332753;ARMÁRIO DE MADEIRA;Bem MIGRADO do SIPAT: Registro: 332753 - Origem: FUBDados da última movimentação no SIPAT:Ano: 2020 Número: 3090 Matrícula Remetente: 9992242 Matrícula Recebedor: 9992241 Local Remetente: 188228 Local Recebedor: 188229 Tipo de Movimentacão: 6 Data: Jun  4 2020  1:41AM Justificativa: Devolução de bens da Cessão Onerosa 01/2014Documentos de Ingresso: TIPO DE DOC. INGRESSO: 756 NOTA FISCALEmpenho(s): EMPENHOS: Número: 904298 Data:Out 31 2008 12:00AM;Em uso;ACAUTELADO;SEBASTIAO HENRIQUE DE BRITTO LOPES;;;;;
UNB;110124_4391 - SALA DA SECRETARIA / CEAD;ALICE MELO RIBEIRO;300644;ARMÁRIO DE MADEIRA;Bem MIGRADO do SIPAT: Registro: 300644 - Origem: FUBDados da última movimentação no SIPAT:Ano: 2020 Número: 2296 Matrícula Remetente: 9992242 Matrícula Recebedor: 9992241 Local Remetente: 188228 Local Recebedor: 188229 Tipo de Movimentacão: 6 Data: Fev 28 2020  5:04PM Justificativa: devolução de bens do contrto 034/2019 CebraspeDocumentos de Ingresso: TIPO DE DOC. INGRESSO: 76 GUIA DE PRODUÇÃO INDUSTRIAL/PRCEmpenho(s):;Em uso;EFETIVADO;;;;;;
UNB;110124_4391 - SALA DA SECRETARIA / CEAD;ALICE MELO RIBEIRO;329882;ARMÁRIO DE MADEIRA;Bem MIGRADO do SIPAT: Registro: 329882 - Origem: FUBDados da última movimentação no SIPAT:Ano: 2020 Número: 1700 Matrícula Remetente: 9992242 Matrícula Recebedor: 9992241 Local Remetente: 188228 Local Recebedor: 188229 Tipo de Movimentacão: 6 Data: Fev 19 2020  5:13PM Justificativa: Processo SEI 23106.159132/2019-82Documentos de Ingresso: TIPO DE DOC. INGRESSO: 983 NOTA FISCALEmpenho(s): EMPENHOS: Número: 903357 Data:Out  1 2009 12:00AM;Em uso;EFETIVADO;;;;;;
UNB;110124_4391 - SALA DA SECRETARIA / CEAD;ALICE MELO RIBEIRO;329888;ARMÁRIO DE MADEIRA;Bem MIGRADO do SIPAT: Registro: 329888 - Origem: FUBDados da última movimentação no SIPAT:Ano: 2020 Número: 3367 Matrícula Remetente: 9992242 Matrícula Recebedor: 9992241 Local Remetente: 188228 Local Recebedor: 188229 Tipo de Movimentacão: 6 Data: Jul  8 2020 11:20PM Justificativa: Devolução de bens do contrato 034/2019 CebraspeDocumentos de Ingresso: TIPO DE DOC. INGRESSO: 983 NOTA FISCALEmpenho(s): EMPENHOS: Número: 903357 Data:Out  1 2009 12:00AM;Em uso;EFETIVADO;;;;;;
UNB;110124_4393 - SALA CTIC / CEAD;ALICE MELO RIBEIRO;332752;ARMÁRIO DE MADEIRA;Bem MIGRADO do SIPAT: Registro: 332752 - Origem: FUBDados da última movimentação no SIPAT:Ano: 2020 Número: 2055 Matrícula Remetente: 9992242 Matrícula Recebedor: 9992241 Local Remetente: 188228 Local Recebedor: 188229 Tipo de Movimentacão: 6 Data: Fev 20 2020 10:58AM Justificativa: devolução de bens do contrato 034/2019-82Documentos de Ingresso: TIPO DE DOC. INGRESSO: 756 NOTA FISCALEmpenho(s): EMPENHOS: Número: 904298 Data:Out 31 2008 12:00AM;Em uso;ACAUTELADO;SEBASTIAO HENRIQUE DE BRITTO LOPES;;;;;
UNB;110124_4385 - SALA DA ASSESSORIA DA UAB / CEAD;ALICE MELO RIBEIRO;413649;ARMÁRIO DE MADEIRA;Bem MIGRADO do SIPAT: Registro: 413649 - Origem: FUBDados da última movimentação no SIPAT:Ano: 2019 Número: 7178 Matrícula Remetente: 1043391 Matrícula Recebedor: 1043633 Local Remetente: 185501 Local Recebedor: 191748 Tipo de Movimentacão: 2 Data: Jun 28 2019 10:36AM Justificativa:Documentos de Ingresso: TIPO DE DOC. INGRESSO: 20355 NOTA FISCALEmpenho(s): EMPENHOS: Número: 806138 Data:Nov  5 2013 12:00AM;Em uso;EFETIVADO;;;;;;
UNB;110124_4375 - UNIVERSIDADE ABERTA DO BRASIL/CEAD_185501;ALICE MELO RIBEIRO;291420;ARMÁRIO DE MADEIRA;Bem MIGRADO do SIPAT: Registro: 291420 - Origem: FUBDados da última movimentação no SIPAT:Ano: 2011 Número: 513 Matrícula Remetente: 1030892 Matrícula Recebedor: 713546 Local Remetente: 185501 Local Recebedor: 185501 Tipo de Movimentacão: 2 Data: Fev 17 2011  8:18AM Justificativa:Documentos de Ingresso: TIPO DE DOC. INGRESSO: 3224 NOTA FISCALEmpenho(s): EMPENHOS: Número: 913630 Data:Dez 31 2008 12:00AM;Em uso;ACAUTELADO;RUI SEIMETZ;;;;;
UNB;110124_4392 - SALA DA COORD. PLANEJAMENTO E FINANANÇAS / CEAD;ALICE MELO RIBEIRO;291564;ARMÁRIO DE MADEIRA;Bem MIGRADO do SIPAT: Registro: 291564 - Origem: FUBDados da última movimentação no SIPAT:Ano: 2020 Número: 3097 Matrícula Remetente: 9992242 Matrícula Recebedor: 9992241 Local Remetente: 188228 Local Recebedor: 188229 Tipo de Movimentacão: 6 Data: Jun  5 2020 12:58AM Justificativa: DEVOLUÇÃO DE BENS DA CESSÃO ONEROSADocumentos de Ingresso: TIPO DE DOC. INGRESSO: 146 GUIA DE PRODUÇÃO INDUSTRIAL/PRCEmpenho(s):;Em uso;ACAUTELADO;BRENO MESQUITA DA SILVA;;;;;
UNB;110124_4375 - UNIVERSIDADE ABERTA DO BRASIL/CEAD_185501;ALICE MELO RIBEIRO;191669;ARMÁRIO DE MADEIRA;Bem MIGRADO do SIPAT: Registro: 191669 - Origem: FUBDados da última movimentação no SIPAT:Ano: 2012 Número: 13844 Matrícula Remetente: 67385 Matrícula Recebedor: 713546 Local Remetente: 185143 Local Recebedor: 185501 Tipo de Movimentacão: 2 Data: Jan  9 2013  2:42PM Justificativa:Documentos de Ingresso: TIPO DE DOC. INGRESSO: 329 NOTA FISCALEmpenho(s): EMPENHOS: Número: 1237 Data:Nov  8 1999 12:00AM;Em uso;ACAUTELADO;RUI SEIMETZ;;;;;
UNB;110124_4375 - UNIVERSIDADE ABERTA DO BRASIL/CEAD_185501;ALICE MELO RIBEIRO;365696;ARMÁRIO DE MADEIRA;Bem MIGRADO do SIPAT: Registro: 365696 - Origem: FUBDados da última movimentação no SIPAT:Ano: 2012 Número: 12815 Matrícula Remetente: 1042459 Matrícula Recebedor: 713546 Local Remetente: 185501 Local Recebedor: 185501 Tipo de Movimentacão: 2 Data: Dez 17 2012 10:39AM Justificativa:Documentos de Ingresso: TIPO DE DOC. INGRESSO: 9648 NOTA FISCALEmpenho(s): EMPENHOS: Número: 914932 Data:Dez  8 2009 12:00AM;Em uso;ACAUTELADO;RUI SEIMETZ;;;;;
UNB;110124_4380 - COORD.DO CURSO DE MÚSICA-MUS/CEAD_186231;ALICE MELO RIBEIRO;347128;ARMÁRIO DE MADEIRA;Bem MIGRADO do SIPAT: Registro: 347128 - Origem: FUBDados da última movimentação no SIPAT:Ano: 2011 Número: 6857 Matrícula Remetente: 1039237 Matrícula Recebedor: 1044800 Local Remetente: 186231 Local Recebedor: 186231 Tipo de Movimentacão: 2 Data: Ago  1 2011  8:12AM Justificativa:Documentos de Ingresso: TIPO DE DOC. INGRESSO: 9648 NOTA FISCALEmpenho(s): EMPENHOS: Número: 914932 Data:Dez  8 2009 12:00AM;Em uso;EFETIVADO;;;;;;
UNB;110124_4384 - SALA DA DIREÇÃO / CEAD;ALICE MELO RIBEIRO;367234;ARMÁRIO DE MADEIRA;Bem MIGRADO do SIPAT: Registro: 367234 - Origem: FEPADDados da última movimentação no SIPAT:Ano: 2019 Número: 9586 Matrícula Remetente: 1107500 Matrícula Recebedor: 1094122 Local Remetente: 133728 Local Recebedor: 191739 Tipo de Movimentacão: 2 Data: Jul 30 2019  3:07PM Justificativa:Documentos de Ingresso: TIPO DE DOC. INGRESSO: 2404 NOTA FISCAL | 151 ATO DO DECANATO DE ADMINISTRAÇÃOEmpenho(s):;Em uso;EFETIVADO;;;;;;
UNB;110124_4393 - SALA CTIC / CEAD;ALICE MELO RIBEIRO;2022003372;ARMÁRIO DE MADEIRA;"-INVENTÁRIO PATRIMONIAL -SEI: 23106.091537/2021-21-SEI: ""7959653""-PATRIMÔNIO ANTERIOR: 411755-NF: 132 DATA: 22/07/2010";Em uso;ACAUTELADO;SEBASTIAO HENRIQUE DE BRITTO LOPES;;;;;
UNB;110124_4393 - SALA CTIC / CEAD;ALICE MELO RIBEIRO;2022003373;ARMÁRIO DE MADEIRA;"-INVENTÁRIO PATRIMONIAL -SEI: 23106.091537/2021-21-SEI: ""7959653""-PATRIMÔNIO ANTERIOR: 332754-NF: 756 DATA: 25/02/2019";Em uso;ACAUTELADO;SEBASTIAO HENRIQUE DE BRITTO LOPES;;;;;
UNB;110124_4393 - SALA CTIC / CEAD;ALICE MELO RIBEIRO;2022003374;ARMÁRIO DE MADEIRA;"-INVENTÁRIO PATRIMONIAL -SEI: 23106.091537/2021-21-SEI: ""7959653""-PATRIMÔNIO ANTERIOR: 332756-NF: 756 DATA: 25/02/2009";Em uso;ACAUTELADO;SEBASTIAO HENRIQUE DE BRITTO LOPES;;;;;
UNB;110124_4388 - ALMOXARIFADO / CEAD;ALICE MELO RIBEIRO;2022003393;ARMÁRIO DE MADEIRA;"-INVENTÁRIO PATRIMONIAL -SEI: 23106.091537/2021-21-SEI: ""7959653""-PATRIMÔNIO ANTERIOR: 276858-GPI: 014  DATA: 29/02/2008";Em uso;EFETIVADO;;;;;;
UNB;110124_4388 - ALMOXARIFADO / CEAD;ALICE MELO RIBEIRO;2022003394;ARMÁRIO DE MADEIRA;"-INVENTÁRIO PATRIMONIAL -SEI: 23106.091537/2021-21-SEI: ""7959653""-PATRIMÔNIO ANTERIOR: 324044-GPI: 03  DATA: 07/01/2010";Em uso;EFETIVADO;;;;;;
UNB;110124_4394 - SALA COORDENAÇÃO ACADÊMICA / CEAD;ALICE MELO RIBEIRO;2022003370;ARMÁRIO; MADEIRA;MARELLI;Em uso;EFETIVADO;;;;;
UNB;110124_4381 - COORD.DO CURSO DE LETRAS-LIP/CEAD_186773;ALICE MELO RIBEIRO;347162;ARQUIVO DE MADEIRA;Bem MIGRADO do SIPAT: Registro: 347162 - Origem: FUBDados da última movimentação no SIPAT:Ano: 2012 Número: 1250 Matrícula Remetente: 150401 Matrícula Recebedor: 1015826 Local Remetente: 185740 Local Recebedor: 186773 Tipo de Movimentacão: 3 Data: Mar  2 2012  9:47AM Justificativa:Documentos de Ingresso: TIPO DE DOC. INGRESSO: 9648 NOTA FISCALEmpenho(s): EMPENHOS: Número: 914932 Data:Dez  8 2009 12:00AM;Em uso;ACAUTELADO;JANAINA DE AQUINO FERRAZ;;;;;
UNB;;;2025000954;ARUBA AP-515 (RW) UNIFIED AP;-PROCESSO DE EMPENHO SEI:23106.056424/2024-21 * 2024NE2776-PROCESSO DE COMPRA SEI:23106.012350/2025-01-UNIDADE REQUISITANTE:CENTRO DE EDUCACAO A DISTANCIA E TECNOLOGIAS EDUCACIONAIS (11.01.24)-NF:3723 SÉRIE 1;Em uso;EFETIVADO;;;;;;
UNB;;;2025000955;ARUBA AP-515 (RW) UNIFIED AP;-PROCESSO DE EMPENHO SEI:23106.056424/2024-21 * 2024NE2776-PROCESSO DE COMPRA SEI:23106.012350/2025-01-UNIDADE REQUISITANTE:CENTRO DE EDUCACAO A DISTANCIA E TECNOLOGIAS EDUCACIONAIS (11.01.24)-NF:3723 SÉRIE 1;Em uso;EFETIVADO;;;;;;
UNB;;;2025000956;ARUBA AP-515 (RW) UNIFIED AP;-PROCESSO DE EMPENHO SEI:23106.056424/2024-21 * 2024NE2776-PROCESSO DE COMPRA SEI:23106.012350/2025-01-UNIDADE REQUISITANTE:CENTRO DE EDUCACAO A DISTANCIA E TECNOLOGIAS EDUCACIONAIS (11.01.24)-NF:3723 SÉRIE 1;Em uso;EFETIVADO;;;;;;
UNB;110124_4375 - UNIVERSIDADE ABERTA DO BRASIL/CEAD_185501;ALICE MELO RIBEIRO;326593;AUTOMÓVEL/VEICULO;Bem MIGRADO do SIPAT: Registro: 326593 - Origem: FUBDados da última movimentação no SIPAT:Ano: 2012 Número: 12815 Matrícula Remetente: 1042459 Matrícula Recebedor: 713546 Local Remetente: 185501 Local Recebedor: 185501 Tipo de Movimentacão: 2 Data: Dez 17 2012 10:39AM Justificativa:Documentos de Ingresso: TIPO DE DOC. INGRESSO: 230752 NOTA FISCALEmpenho(s): EMPENHOS: Número: 916124 Data:Dez 17 2009 12:00AM;Em uso;ACAUTELADO;RUI SEIMETZ;;;;;
UNB;110124_4373 - CENTRO DE EDUCAÇÃO À DISTÂNCIA/CEAD_133728;ALICE MELO RIBEIRO;265340;BALANÇA ELETRÔNICA;Bem MIGRADO do SIPAT: Registro: 265340 - Origem: FUBRADados da última movimentação no SIPAT:Ano: 2007 Número: 5493 Matrícula Remetente:  Matrícula Recebedor: 613878 Local Remetente:  Local Recebedor: 133728 Tipo de Movimentacão: 1 Data: Mai 15 2008  4:54PM Justificativa:Documentos de Ingresso: TIPO DE DOC. INGRESSO: 021/2007 TERMO DE DEPÓSITO | 379 ATO DO DECANATO DE ADMINISTRAÇÃOEmpenho(s):;Em uso;ACAUTELADO;BERNARDO KIPNIS;;;;;
UNB;110124_4390 - COPA / CEAD;ALICE MELO RIBEIRO;2022000118;BEBEDOURO INDUSTRIAL EM AÇO INOX  100L;Processo SEI: 23106.068975/2021-95;Em uso;EFETIVADO;;;;;;
UNB;110.124_4397 - CEAD-COMPLEXO CEBRASPE-BLOCO 1 - ALA A;ALICE MELO RIBEIRO;433998;BEBEDOURO REFRIGERADO P/GARRAFÃO;Bem MIGRADO do SIPAT: Registro: 433998 - Origem: FUBDados da última movimentação no SIPAT:Ano: 2019 Número: 6903 Matrícula Remetente: 1094122 Matrícula Recebedor: 1094122 Local Remetente: 191453 Local Recebedor: 191745 Tipo de Movimentacão: 2 Data: Jun 21 2019 12:08PM Justificativa:Documentos de Ingresso: TIPO DE DOC. INGRESSO: 9250 NOTA FISCALEmpenho(s): EMPENHOS: Número: 801872 Data:Jun 28 2018 12:00AM;Em uso;EFETIVADO;;;;;;
UNB;110124_4400 - LABORATÓRIO DE PESQUISA E INOVAÇÃO DARCY RIBEIRO - LAPIDAR/CEAD;ALICE MELO RIBEIRO;2024009547;#NOME?;-PROCESSO DE EMPENHO SEI: 23106.077929/2024-20 *2024NE3004-PROCESSO DE COMPRA SEI: 23106.077929/2024-20-UNIDADE REQUISITANTE: COORDENAÇÃO ADMINISTRATIVA (11.01.24.16)-NF:896 SÉRIE:1 DATA:29/10/2024;Em uso;EFETIVADO;;;;;;
UNB;110124_4400 - LABORATÓRIO DE PESQUISA E INOVAÇÃO DARCY RIBEIRO - LAPIDAR/CEAD;ALICE MELO RIBEIRO;2024009548;#NOME?;-PROCESSO DE EMPENHO SEI: 23106.077929/2024-20 *2024NE3004-PROCESSO DE COMPRA SEI: 23106.077929/2024-20-UNIDADE REQUISITANTE: COORDENAÇÃO ADMINISTRATIVA (11.01.24.16)-NF:896 SÉRIE:1 DATA:29/10/2024;Em uso;EFETIVADO;;;;;;
UNB;110124_4400 - LABORATÓRIO DE PESQUISA E INOVAÇÃO DARCY RIBEIRO - LAPIDAR/CEAD;ALICE MELO RIBEIRO;2024009549;#NOME?;-PROCESSO DE EMPENHO SEI: 23106.077929/2024-20 *2024NE3004-PROCESSO DE COMPRA SEI: 23106.077929/2024-20-UNIDADE REQUISITANTE: COORDENAÇÃO ADMINISTRATIVA (11.01.24.16)-NF:896 SÉRIE:1 DATA:29/10/2024;Em uso;EFETIVADO;;;;;;
UNB;110124_4400 - LABORATÓRIO DE PESQUISA E INOVAÇÃO DARCY RIBEIRO - LAPIDAR/CEAD;ALICE MELO RIBEIRO;2024009550;#NOME?;-PROCESSO DE EMPENHO SEI: 23106.077929/2024-20 *2024NE3004-PROCESSO DE COMPRA SEI: 23106.077929/2024-20-UNIDADE REQUISITANTE: COORDENAÇÃO ADMINISTRATIVA (11.01.24.16)-NF:896 SÉRIE:1 DATA:29/10/2024;Em uso;EFETIVADO;;;;;;
UNB;110124_4400 - LABORATÓRIO DE PESQUISA E INOVAÇÃO DARCY RIBEIRO - LAPIDAR/CEAD;ALICE MELO RIBEIRO;2024009551;#NOME?;-PROCESSO DE EMPENHO SEI: 23106.077929/2024-20 *2024NE3004-PROCESSO DE COMPRA SEI: 23106.077929/2024-20-UNIDADE REQUISITANTE: COORDENAÇÃO ADMINISTRATIVA (11.01.24.16)-NF:896 SÉRIE:1 DATA:29/10/2024;Em uso;EFETIVADO;;;;;;
UNB;110124_4400 - LABORATÓRIO DE PESQUISA E INOVAÇÃO DARCY RIBEIRO - LAPIDAR/CEAD;ALICE MELO RIBEIRO;2024009552;#NOME?;-PROCESSO DE EMPENHO SEI: 23106.077929/2024-20 *2024NE3004-PROCESSO DE COMPRA SEI: 23106.077929/2024-20-UNIDADE REQUISITANTE: COORDENAÇÃO ADMINISTRATIVA (11.01.24.16)-NF:896 SÉRIE:1 DATA:29/10/2024;Em uso;EFETIVADO;;;;;;
UNB;110124_4400 - LABORATÓRIO DE PESQUISA E INOVAÇÃO DARCY RIBEIRO - LAPIDAR/CEAD;ALICE MELO RIBEIRO;2024009553;#NOME?;-PROCESSO DE EMPENHO SEI: 23106.077929/2024-20 *2024NE3004-PROCESSO DE COMPRA SEI: 23106.077929/2024-20-UNIDADE REQUISITANTE: COORDENAÇÃO ADMINISTRATIVA (11.01.24.16)-NF:896 SÉRIE:1 DATA:29/10/2024;Em uso;EFETIVADO;;;;;;
UNB;110124_4400 - LABORATÓRIO DE PESQUISA E INOVAÇÃO DARCY RIBEIRO - LAPIDAR/CEAD;ALICE MELO RIBEIRO;2024009554;#NOME?;-PROCESSO DE EMPENHO SEI: 23106.077929/2024-20 *2024NE3004-PROCESSO DE COMPRA SEI: 23106.077929/2024-20-UNIDADE REQUISITANTE: COORDENAÇÃO ADMINISTRATIVA (11.01.24.16)-NF:896 SÉRIE:1 DATA:29/10/2024;Em uso;EFETIVADO;;;;;;
UNB;110124_4400 - LABORATÓRIO DE PESQUISA E INOVAÇÃO DARCY RIBEIRO - LAPIDAR/CEAD;ALICE MELO RIBEIRO;2024009555;#NOME?;-PROCESSO DE EMPENHO SEI: 23106.077929/2024-20 *2024NE3004-PROCESSO DE COMPRA SEI: 23106.077929/2024-20-UNIDADE REQUISITANTE: COORDENAÇÃO ADMINISTRATIVA (11.01.24.16)-NF:896 SÉRIE:1 DATA:29/10/2024;Em uso;EFETIVADO;;;;;;
UNB;110124_4400 - LABORATÓRIO DE PESQUISA E INOVAÇÃO DARCY RIBEIRO - LAPIDAR/CEAD;ALICE MELO RIBEIRO;2024009556;#NOME?;-PROCESSO DE EMPENHO SEI: 23106.077929/2024-20 *2024NE3004-PROCESSO DE COMPRA SEI: 23106.077929/2024-20-UNIDADE REQUISITANTE: COORDENAÇÃO ADMINISTRATIVA (11.01.24.16)-NF:896 SÉRIE:1 DATA:29/10/2024;Em uso;EFETIVADO;;;;;;
UNB;110124_4400 - LABORATÓRIO DE PESQUISA E INOVAÇÃO DARCY RIBEIRO - LAPIDAR/CEAD;ALICE MELO RIBEIRO;2024009557;#NOME?;-PROCESSO DE EMPENHO SEI: 23106.077929/2024-20 *2024NE3004-PROCESSO DE COMPRA SEI: 23106.077929/2024-20-UNIDADE REQUISITANTE: COORDENAÇÃO ADMINISTRATIVA (11.01.24.16)-NF:896 SÉRIE:1 DATA:29/10/2024;Em uso;EFETIVADO;;;;;;
UNB;110124_4400 - LABORATÓRIO DE PESQUISA E INOVAÇÃO DARCY RIBEIRO - LAPIDAR/CEAD;ALICE MELO RIBEIRO;2024009558;#NOME?;-PROCESSO DE EMPENHO SEI: 23106.077929/2024-20 *2024NE3004-PROCESSO DE COMPRA SEI: 23106.077929/2024-20-UNIDADE REQUISITANTE: COORDENAÇÃO ADMINISTRATIVA (11.01.24.16)-NF:896 SÉRIE:1 DATA:29/10/2024;Em uso;EFETIVADO;;;;;;
UNB;110124_4400 - LABORATÓRIO DE PESQUISA E INOVAÇÃO DARCY RIBEIRO - LAPIDAR/CEAD;ALICE MELO RIBEIRO;2024009559;#NOME?;-PROCESSO DE EMPENHO SEI: 23106.077929/2024-20 *2024NE3004-PROCESSO DE COMPRA SEI: 23106.077929/2024-20-UNIDADE REQUISITANTE: COORDENAÇÃO ADMINISTRATIVA (11.01.24.16)-NF:896 SÉRIE:1 DATA:29/10/2024;Em uso;EFETIVADO;;;;;;
UNB;110124_4400 - LABORATÓRIO DE PESQUISA E INOVAÇÃO DARCY RIBEIRO - LAPIDAR/CEAD;ALICE MELO RIBEIRO;2024009560;#NOME?;-PROCESSO DE EMPENHO SEI: 23106.077929/2024-20 *2024NE3004-PROCESSO DE COMPRA SEI: 23106.077929/2024-20-UNIDADE REQUISITANTE: COORDENAÇÃO ADMINISTRATIVA (11.01.24.16)-NF:896 SÉRIE:1 DATA:29/10/2024;Em uso;EFETIVADO;;;;;;
UNB;110124_4400 - LABORATÓRIO DE PESQUISA E INOVAÇÃO DARCY RIBEIRO - LAPIDAR/CEAD;ALICE MELO RIBEIRO;2024009561;#NOME?;-PROCESSO DE EMPENHO SEI: 23106.077929/2024-20 *2024NE3004-PROCESSO DE COMPRA SEI: 23106.077929/2024-20-UNIDADE REQUISITANTE: COORDENAÇÃO ADMINISTRATIVA (11.01.24.16)-NF:896 SÉRIE:1 DATA:29/10/2024;Em uso;EFETIVADO;;;;;;
UNB;110124_4400 - LABORATÓRIO DE PESQUISA E INOVAÇÃO DARCY RIBEIRO - LAPIDAR/CEAD;ALICE MELO RIBEIRO;2024009562;#NOME?;-PROCESSO DE EMPENHO SEI: 23106.077929/2024-20 *2024NE3004-PROCESSO DE COMPRA SEI: 23106.077929/2024-20-UNIDADE REQUISITANTE: COORDENAÇÃO ADMINISTRATIVA (11.01.24.16)-NF:896 SÉRIE:1 DATA:29/10/2024;Em uso;EFETIVADO;;;;;;
UNB;110124_4400 - LABORATÓRIO DE PESQUISA E INOVAÇÃO DARCY RIBEIRO - LAPIDAR/CEAD;ALICE MELO RIBEIRO;2024009563;#NOME?;-PROCESSO DE EMPENHO SEI: 23106.077929/2024-20 *2024NE3004-PROCESSO DE COMPRA SEI: 23106.077929/2024-20-UNIDADE REQUISITANTE: COORDENAÇÃO ADMINISTRATIVA (11.01.24.16)-NF:896 SÉRIE:1 DATA:29/10/2024;Em uso;EFETIVADO;;;;;;
UNB;110124_4400 - LABORATÓRIO DE PESQUISA E INOVAÇÃO DARCY RIBEIRO - LAPIDAR/CEAD;ALICE MELO RIBEIRO;2024009564;#NOME?;-PROCESSO DE EMPENHO SEI: 23106.077929/2024-20 *2024NE3004-PROCESSO DE COMPRA SEI: 23106.077929/2024-20-UNIDADE REQUISITANTE: COORDENAÇÃO ADMINISTRATIVA (11.01.24.16)-NF:896 SÉRIE:1 DATA:29/10/2024;Em uso;EFETIVADO;;;;;;
UNB;110124_4400 - LABORATÓRIO DE PESQUISA E INOVAÇÃO DARCY RIBEIRO - LAPIDAR/CEAD;ALICE MELO RIBEIRO;2024009565;#NOME?;-PROCESSO DE EMPENHO SEI: 23106.077929/2024-20 *2024NE3004-PROCESSO DE COMPRA SEI: 23106.077929/2024-20-UNIDADE REQUISITANTE: COORDENAÇÃO ADMINISTRATIVA (11.01.24.16)-NF:896 SÉRIE:1 DATA:29/10/2024;Em uso;EFETIVADO;;;;;;
UNB;110124_4400 - LABORATÓRIO DE PESQUISA E INOVAÇÃO DARCY RIBEIRO - LAPIDAR/CEAD;ALICE MELO RIBEIRO;2024009566;#NOME?;-PROCESSO DE EMPENHO SEI: 23106.077929/2024-20 *2024NE3004-PROCESSO DE COMPRA SEI: 23106.077929/2024-20-UNIDADE REQUISITANTE: COORDENAÇÃO ADMINISTRATIVA (11.01.24.16)-NF:896 SÉRIE:1 DATA:29/10/2024;Em uso;EFETIVADO;;;;;;
UNB;110124_4400 - LABORATÓRIO DE PESQUISA E INOVAÇÃO DARCY RIBEIRO - LAPIDAR/CEAD;ALICE MELO RIBEIRO;2024009567;#NOME?;-PROCESSO DE EMPENHO SEI: 23106.077929/2024-20 *2024NE3004-PROCESSO DE COMPRA SEI: 23106.077929/2024-20-UNIDADE REQUISITANTE: COORDENAÇÃO ADMINISTRATIVA (11.01.24.16)-NF:896 SÉRIE:1 DATA:29/10/2024;Em uso;EFETIVADO;;;;;;
UNB;110124_4400 - LABORATÓRIO DE PESQUISA E INOVAÇÃO DARCY RIBEIRO - LAPIDAR/CEAD;ALICE MELO RIBEIRO;2024009568;#NOME?;-PROCESSO DE EMPENHO SEI: 23106.077929/2024-20 *2024NE3004-PROCESSO DE COMPRA SEI: 23106.077929/2024-20-UNIDADE REQUISITANTE: COORDENAÇÃO ADMINISTRATIVA (11.01.24.16)-NF:896 SÉRIE:1 DATA:29/10/2024;Em uso;EFETIVADO;;;;;;
UNB;110124_4400 - LABORATÓRIO DE PESQUISA E INOVAÇÃO DARCY RIBEIRO - LAPIDAR/CEAD;ALICE MELO RIBEIRO;2024009569;#NOME?;-PROCESSO DE EMPENHO SEI: 23106.077929/2024-20 *2024NE3004-PROCESSO DE COMPRA SEI: 23106.077929/2024-20-UNIDADE REQUISITANTE: COORDENAÇÃO ADMINISTRATIVA (11.01.24.16)-NF:896 SÉRIE:1 DATA:29/10/2024;Em uso;EFETIVADO;;;;;;
UNB;110124_4400 - LABORATÓRIO DE PESQUISA E INOVAÇÃO DARCY RIBEIRO - LAPIDAR/CEAD;ALICE MELO RIBEIRO;2024009570;#NOME?;-PROCESSO DE EMPENHO SEI: 23106.077929/2024-20 *2024NE3004-PROCESSO DE COMPRA SEI: 23106.077929/2024-20-UNIDADE REQUISITANTE: COORDENAÇÃO ADMINISTRATIVA (11.01.24.16)-NF:896 SÉRIE:1 DATA:29/10/2024;Em uso;EFETIVADO;;;;;;
UNB;110124_4400 - LABORATÓRIO DE PESQUISA E INOVAÇÃO DARCY RIBEIRO - LAPIDAR/CEAD;ALICE MELO RIBEIRO;2024009571;#NOME?;-PROCESSO DE EMPENHO SEI: 23106.077929/2024-20 *2024NE3004-PROCESSO DE COMPRA SEI: 23106.077929/2024-20-UNIDADE REQUISITANTE: COORDENAÇÃO ADMINISTRATIVA (11.01.24.16)-NF:896 SÉRIE:1 DATA:29/10/2024;Em uso;EFETIVADO;;;;;;
UNB;110124_4400 - LABORATÓRIO DE PESQUISA E INOVAÇÃO DARCY RIBEIRO - LAPIDAR/CEAD;ALICE MELO RIBEIRO;2024009572;#NOME?;-PROCESSO DE EMPENHO SEI: 23106.077929/2024-20 *2024NE3004-PROCESSO DE COMPRA SEI: 23106.077929/2024-20-UNIDADE REQUISITANTE: COORDENAÇÃO ADMINISTRATIVA (11.01.24.16)-NF:896 SÉRIE:1 DATA:29/10/2024;Em uso;EFETIVADO;;;;;;
UNB;110124_4400 - LABORATÓRIO DE PESQUISA E INOVAÇÃO DARCY RIBEIRO - LAPIDAR/CEAD;ALICE MELO RIBEIRO;2024009573;#NOME?;-PROCESSO DE EMPENHO SEI: 23106.077929/2024-20 *2024NE3004-PROCESSO DE COMPRA SEI: 23106.077929/2024-20-UNIDADE REQUISITANTE: COORDENAÇÃO ADMINISTRATIVA (11.01.24.16)-NF:896 SÉRIE:1 DATA:29/10/2024;Em uso;EFETIVADO;;;;;;
UNB;110124_4400 - LABORATÓRIO DE PESQUISA E INOVAÇÃO DARCY RIBEIRO - LAPIDAR/CEAD;ALICE MELO RIBEIRO;2024009574;#NOME?;-PROCESSO DE EMPENHO SEI: 23106.077929/2024-20 *2024NE3004-PROCESSO DE COMPRA SEI: 23106.077929/2024-20-UNIDADE REQUISITANTE: COORDENAÇÃO ADMINISTRATIVA (11.01.24.16)-NF:896 SÉRIE:1 DATA:29/10/2024;Em uso;EFETIVADO;;;;;;
UNB;110124_4400 - LABORATÓRIO DE PESQUISA E INOVAÇÃO DARCY RIBEIRO - LAPIDAR/CEAD;ALICE MELO RIBEIRO;2024009575;#NOME?;-PROCESSO DE EMPENHO SEI: 23106.077929/2024-20 *2024NE3004-PROCESSO DE COMPRA SEI: 23106.077929/2024-20-UNIDADE REQUISITANTE: COORDENAÇÃO ADMINISTRATIVA (11.01.24.16)-NF:896 SÉRIE:1 DATA:29/10/2024;Em uso;EFETIVADO;;;;;;
UNB;110124_4400 - LABORATÓRIO DE PESQUISA E INOVAÇÃO DARCY RIBEIRO - LAPIDAR/CEAD;ALICE MELO RIBEIRO;2024009576;#NOME?;-PROCESSO DE EMPENHO SEI: 23106.077929/2024-20 *2024NE3004-PROCESSO DE COMPRA SEI: 23106.077929/2024-20-UNIDADE REQUISITANTE: COORDENAÇÃO ADMINISTRATIVA (11.01.24.16)-NF:896 SÉRIE:1 DATA:29/10/2024;Em uso;EFETIVADO;;;;;;
UNB;110124_4400 - LABORATÓRIO DE PESQUISA E INOVAÇÃO DARCY RIBEIRO - LAPIDAR/CEAD;ALICE MELO RIBEIRO;2024009577;#NOME?;-PROCESSO DE EMPENHO SEI: 23106.077929/2024-20 *2024NE3004-PROCESSO DE COMPRA SEI: 23106.077929/2024-20-UNIDADE REQUISITANTE: COORDENAÇÃO ADMINISTRATIVA (11.01.24.16)-NF:896 SÉRIE:1 DATA:29/10/2024;Em uso;EFETIVADO;;;;;;
UNB;110124_4400 - LABORATÓRIO DE PESQUISA E INOVAÇÃO DARCY RIBEIRO - LAPIDAR/CEAD;ALICE MELO RIBEIRO;2024009578;#NOME?;-PROCESSO DE EMPENHO SEI: 23106.077929/2024-20 *2024NE3004-PROCESSO DE COMPRA SEI: 23106.077929/2024-20-UNIDADE REQUISITANTE: COORDENAÇÃO ADMINISTRATIVA (11.01.24.16)-NF:896 SÉRIE:1 DATA:29/10/2024;Em uso;EFETIVADO;;;;;;
UNB;110124_4400 - LABORATÓRIO DE PESQUISA E INOVAÇÃO DARCY RIBEIRO - LAPIDAR/CEAD;ALICE MELO RIBEIRO;2024009579;#NOME?;-PROCESSO DE EMPENHO SEI: 23106.077929/2024-20 *2024NE3004-PROCESSO DE COMPRA SEI: 23106.077929/2024-20-UNIDADE REQUISITANTE: COORDENAÇÃO ADMINISTRATIVA (11.01.24.16)-NF:896 SÉRIE:1 DATA:29/10/2024;Em uso;EFETIVADO;;;;;;
UNB;110124_4400 - LABORATÓRIO DE PESQUISA E INOVAÇÃO DARCY RIBEIRO - LAPIDAR/CEAD;ALICE MELO RIBEIRO;2024009580;#NOME?;-PROCESSO DE EMPENHO SEI: 23106.077929/2024-20 *2024NE3004-PROCESSO DE COMPRA SEI: 23106.077929/2024-20-UNIDADE REQUISITANTE: COORDENAÇÃO ADMINISTRATIVA (11.01.24.16)-NF:896 SÉRIE:1 DATA:29/10/2024;Em uso;EFETIVADO;;;;;;
UNB;110124_4400 - LABORATÓRIO DE PESQUISA E INOVAÇÃO DARCY RIBEIRO - LAPIDAR/CEAD;ALICE MELO RIBEIRO;2024009581;#NOME?;-PROCESSO DE EMPENHO SEI: 23106.077929/2024-20 *2024NE3004-PROCESSO DE COMPRA SEI: 23106.077929/2024-20-UNIDADE REQUISITANTE: COORDENAÇÃO ADMINISTRATIVA (11.01.24.16)-NF:896 SÉRIE:1 DATA:29/10/2024;Em uso;EFETIVADO;;;;;;
UNB;110124_4386 - SALA DE REUNIÃO / CEAD;ALICE MELO RIBEIRO;395444;CADEIRA ESCRITÓRIO; COM BRAÇOS;SEM MARCA;Em uso;EFETIVADO;;;;;
UNB;110124_4375 - UNIVERSIDADE ABERTA DO BRASIL/CEAD_185501;ALICE MELO RIBEIRO;291410;CADEIRA ESCRITÓRIO; COM BRAÇOS;SEM MARCA;Em uso;ACAUTELADO;;;;;
UNB;110124_4381 - COORD.DO CURSO DE LETRAS-LIP/CEAD_186773;ALICE MELO RIBEIRO;347195;CADEIRA ESCRITÓRIO; COM BRAÇOS;SEM MARCA;Em uso;ACAUTELADO;;;;;
UNB;110124_4386 - SALA DE REUNIÃO / CEAD;ALICE MELO RIBEIRO;2023000441;CADEIRA ESCRITÓRIO; COM BRAÇOS -PAT ANTERIOR 395471;MARELLI;Em uso;EFETIVADO;;;;;
UNB;110124_4390 - COPA / CEAD;ALICE MELO RIBEIRO;429638 (BEM DE TERCEIRO);CADEIRA FIXA;Bem MIGRADO do SIPAT: Registro: 429638 - Origem: CAPESDados da última movimentação no SIPAT:Ano: 2019 Número: 11979 Matrícula Remetente:  Matrícula Recebedor: 1094122 Local Remetente:  Local Recebedor: 191745 Tipo de Movimentacão: 1 Data: Set  5 2019  3:05PM Justificativa: Processo n. 23106.103522/2019-06Documentos de Ingresso: Empenho(s):;Em uso;EFETIVADO;;;;;;
UNB;110124_4390 - COPA / CEAD;ALICE MELO RIBEIRO;429626 (BEM DE TERCEIRO);CADEIRA FIXA;Bem MIGRADO do SIPAT: Registro: 429626 - Origem: CAPESDados da última movimentação no SIPAT:Ano: 2019 Número: 11978 Matrícula Remetente: 786209 Matrícula Recebedor: 1094122 Local Remetente: 188247 Local Recebedor: 191745 Tipo de Movimentacão: 2 Data: Set  5 2019  3:07PM Justificativa: Processo n. 23106.103522/2019-06Documentos de Ingresso: Empenho(s):;Em uso;EFETIVADO;;;;;;
UNB;110124_4390 - COPA / CEAD;ALICE MELO RIBEIRO;429615 (BEM DE TERCEIRO);CADEIRA FIXA;Bem MIGRADO do SIPAT: Registro: 429615 - Origem: CAPESDados da última movimentação no SIPAT:Ano: 2019 Número: 11978 Matrícula Remetente: 786209 Matrícula Recebedor: 1094122 Local Remetente: 188247 Local Recebedor: 191745 Tipo de Movimentacão: 2 Data: Set  5 2019  3:07PM Justificativa: Processo n. 23106.103522/2019-06Documentos de Ingresso: Empenho(s):;Em uso;EFETIVADO;;;;;;
UNB;110124_4390 - COPA / CEAD;ALICE MELO RIBEIRO;429631 (BEM DE TERCEIRO);CADEIRA FIXA;Bem MIGRADO do SIPAT: Registro: 429631 - Origem: CAPESDados da última movimentação no SIPAT:Ano: 2019 Número: 11978 Matrícula Remetente: 786209 Matrícula Recebedor: 1094122 Local Remetente: 188247 Local Recebedor: 191745 Tipo de Movimentacão: 2 Data: Set  5 2019  3:07PM Justificativa: Processo n. 23106.103522/2019-06Documentos de Ingresso: Empenho(s):;Em uso;EFETIVADO;;;;;;
UNB;110124_4379 - PRODUÇÃO MULTIMÍDIA/CEAD_186134;ALICE MELO RIBEIRO;436922;CADEIRA FIXA COM BRAÇOS;Bem MIGRADO do SIPAT: Registro: 436922 - Origem: FUBDados da última movimentação no SIPAT:Ano: 2015 Número: 7119 Matrícula Remetente:  Matrícula Recebedor: 713546 Local Remetente:  Local Recebedor: 186134 Tipo de Movimentacão: 1 Data: Ago 30 2019 11:38AM Justificativa:Documentos de Ingresso: TIPO DE DOC. INGRESSO: 51141 NOTA FISCALEmpenho(s): EMPENHOS: Número: 803561 Data:Jul 30 2014 12:00AM;Em uso;ACAUTELADO;RUI SEIMETZ;;;;;
UNB;110124_4379 - PRODUÇÃO MULTIMÍDIA/CEAD_186134;ALICE MELO RIBEIRO;436923;CADEIRA FIXA COM BRAÇOS;Bem MIGRADO do SIPAT: Registro: 436923 - Origem: FUBDados da última movimentação no SIPAT:Ano: 2015 Número: 7119 Matrícula Remetente:  Matrícula Recebedor: 713546 Local Remetente:  Local Recebedor: 186134 Tipo de Movimentacão: 1 Data: Ago 30 2019 11:38AM Justificativa:Documentos de Ingresso: TIPO DE DOC. INGRESSO: 51141 NOTA FISCALEmpenho(s): EMPENHOS: Número: 803561 Data:Jul 30 2014 12:00AM;Em uso;ACAUTELADO;RUI SEIMETZ;;;;;
UNB;110124_4379 - PRODUÇÃO MULTIMÍDIA/CEAD_186134;ALICE MELO RIBEIRO;436924;CADEIRA FIXA COM BRAÇOS;Bem MIGRADO do SIPAT: Registro: 436924 - Origem: FUBDados da última movimentação no SIPAT:Ano: 2015 Número: 7119 Matrícula Remetente:  Matrícula Recebedor: 713546 Local Remetente:  Local Recebedor: 186134 Tipo de Movimentacão: 1 Data: Ago 30 2019 11:38AM Justificativa:Documentos de Ingresso: TIPO DE DOC. INGRESSO: 51141 NOTA FISCALEmpenho(s): EMPENHOS: Número: 803561 Data:Jul 30 2014 12:00AM;Em uso;ACAUTELADO;RUI SEIMETZ;;;;;
UNB;110124_4390 - COPA / CEAD;ALICE MELO RIBEIRO;367202;CADEIRA FIXA SEM BRAÇOS;Bem MIGRADO do SIPAT: Registro: 367202 - Origem: FEPADDados da última movimentação no SIPAT:Ano: 2019 Número: 9565 Matrícula Remetente: 1036581 Matrícula Recebedor: 1094122 Local Remetente: 185143 Local Recebedor: 191741 Tipo de Movimentacão: 2 Data: Jul 31 2019 11:13AM Justificativa:Documentos de Ingresso: TIPO DE DOC. INGRESSO: 2404 NOTA FISCAL | 151 ATO DO DECANATO DE ADMINISTRAÇÃOEmpenho(s):;Em uso;EFETIVADO;;;;;;
UNB;110124_4385 - SALA DA ASSESSORIA DA UAB / CEAD;ALICE MELO RIBEIRO;367215;CADEIRA FIXA SEM BRAÇOS;Bem MIGRADO do SIPAT: Registro: 367215 - Origem: FEPADDados da última movimentação no SIPAT:Ano: 2019 Número: 11484 Matrícula Remetente: 1036581 Matrícula Recebedor: 1116100 Local Remetente: 185143 Local Recebedor: 191754 Tipo de Movimentacão: 2 Data: Ago 30 2019  3:48PM Justificativa:Documentos de Ingresso: TIPO DE DOC. INGRESSO: 2404 NOTA FISCAL | 151 ATO DO DECANATO DE ADMINISTRAÇÃOEmpenho(s):;Em uso;EFETIVADO;;;;;;
UNB;110124_4375 - UNIVERSIDADE ABERTA DO BRASIL/CEAD_185501;ALICE MELO RIBEIRO;291386;CADEIRA FIXA SEM BRAÇOS;Bem MIGRADO do SIPAT: Registro: 291386 - Origem: FUBDados da última movimentação no SIPAT:Ano: 2012 Número: 13738 Matrícula Remetente: 1032488 Matrícula Recebedor: 713546 Local Remetente: 185501 Local Recebedor: 185501 Tipo de Movimentacão: 2 Data: Dez 17 2012 10:40AM Justificativa:Documentos de Ingresso: TIPO DE DOC. INGRESSO: 3224 NOTA FISCALEmpenho(s): EMPENHOS: Número: 913630 Data:Dez 31 2008 12:00AM;Em uso;ACAUTELADO;RUI SEIMETZ;;;;;
UNB;110124_4385 - SALA DA ASSESSORIA DA UAB / CEAD;ALICE MELO RIBEIRO;367196;CADEIRA FIXA SEM BRAÇOS;Bem MIGRADO do SIPAT: Registro: 367196 - Origem: FEPADDados da última movimentação no SIPAT:Ano: 2019 Número: 6677 Matrícula Remetente: 1036581 Matrícula Recebedor: 1094122 Local Remetente: 185143 Local Recebedor: 191740 Tipo de Movimentacão: 2 Data: Jun 27 2019  1:39PM Justificativa:Documentos de Ingresso: TIPO DE DOC. INGRESSO: 2404 NOTA FISCAL | 151 ATO DO DECANATO DE ADMINISTRAÇÃOEmpenho(s):;Em uso;EFETIVADO;;;;;;
UNB;110124_4385 - SALA DA ASSESSORIA DA UAB / CEAD;ALICE MELO RIBEIRO;367203;CADEIRA FIXA SEM BRAÇOS;Bem MIGRADO do SIPAT: Registro: 367203 - Origem: FEPADDados da última movimentação no SIPAT:Ano: 2019 Número: 9421 Matrícula Remetente: 1047931 Matrícula Recebedor: 1116100 Local Remetente: 133728 Local Recebedor: 191754 Tipo de Movimentacão: 2 Data: Jul 31 2019 10:46AM Justificativa:Documentos de Ingresso: TIPO DE DOC. INGRESSO: 2404 NOTA FISCAL | 151 ATO DO DECANATO DE ADMINISTRAÇÃOEmpenho(s):;Em uso;EFETIVADO;;;;;;
UNB;110124_4375 - UNIVERSIDADE ABERTA DO BRASIL/CEAD_185501;ALICE MELO RIBEIRO;291385;CADEIRA FIXA SEM BRAÇOS;Bem MIGRADO do SIPAT: Registro: 291385 - Origem: FUBDados da última movimentação no SIPAT:Ano: 2011 Número: 513 Matrícula Remetente: 1030892 Matrícula Recebedor: 713546 Local Remetente: 185501 Local Recebedor: 185501 Tipo de Movimentacão: 2 Data: Fev 17 2011  8:18AM Justificativa:Documentos de Ingresso: TIPO DE DOC. INGRESSO: 3224 NOTA FISCALEmpenho(s): EMPENHOS: Número: 913630 Data:Dez 31 2008 12:00AM;Em uso;ACAUTELADO;RUI SEIMETZ;;;;;
UNB;110124_4375 - UNIVERSIDADE ABERTA DO BRASIL/CEAD_185501;ALICE MELO RIBEIRO;291388;CADEIRA FIXA SEM BRAÇOS;Bem MIGRADO do SIPAT: Registro: 291388 - Origem: FUBDados da última movimentação no SIPAT:Ano: 2012 Número: 12815 Matrícula Remetente: 1042459 Matrícula Recebedor: 713546 Local Remetente: 185501 Local Recebedor: 185501 Tipo de Movimentacão: 2 Data: Dez 17 2012 10:39AM Justificativa:Documentos de Ingresso: TIPO DE DOC. INGRESSO: 3224 NOTA FISCALEmpenho(s): EMPENHOS: Número: 913630 Data:Dez 31 2008 12:00AM;Em uso;ACAUTELADO;RUI SEIMETZ;;;;;
UNB;110124_4390 - COPA / CEAD;ALICE MELO RIBEIRO;367208;CADEIRA FIXA SEM BRAÇOS;Bem MIGRADO do SIPAT: Registro: 367208 - Origem: FEPADDados da última movimentação no SIPAT:Ano: 2019 Número: 9561 Matrícula Remetente: 1041321 Matrícula Recebedor: 1094122 Local Remetente: 191751 Local Recebedor: 191741 Tipo de Movimentacão: 2 Data: Jul 30 2019  3:01PM Justificativa:Documentos de Ingresso: TIPO DE DOC. INGRESSO: 2404 NOTA FISCAL | 151 ATO DO DECANATO DE ADMINISTRAÇÃOEmpenho(s):;Em uso;EFETIVADO;;;;;;
UNB;110124_4398 - SALA ILHA DE EDIÇÃO / CEAD;ALICE MELO RIBEIRO;367217;CADEIRA FIXA SEM BRAÇOS;Bem MIGRADO do SIPAT: Registro: 367217 - Origem: FEPADDados da última movimentação no SIPAT:Ano: 2019 Número: 11152 Matrícula Remetente: 866423 Matrícula Recebedor: 1094122 Local Remetente: 133728 Local Recebedor: 191741 Tipo de Movimentacão: 2 Data: Ago 20 2019  2:52PM Justificativa:Documentos de Ingresso: TIPO DE DOC. INGRESSO: 2404 NOTA FISCAL | 151 ATO DO DECANATO DE ADMINISTRAÇÃOEmpenho(s):;Em uso;EFETIVADO;;;;;;
UNB;110124_4375 - UNIVERSIDADE ABERTA DO BRASIL/CEAD_185501;ALICE MELO RIBEIRO;291387;CADEIRA FIXA SEM BRAÇOS;Bem MIGRADO do SIPAT: Registro: 291387 - Origem: FUBDados da última movimentação no SIPAT:Ano: 2012 Número: 12815 Matrícula Remetente: 1042459 Matrícula Recebedor: 713546 Local Remetente: 185501 Local Recebedor: 185501 Tipo de Movimentacão: 2 Data: Dez 17 2012 10:39AM Justificativa:Documentos de Ingresso: TIPO DE DOC. INGRESSO: 3224 NOTA FISCALEmpenho(s): EMPENHOS: Número: 913630 Data:Dez 31 2008 12:00AM;Em uso;ACAUTELADO;RUI SEIMETZ;;;;;
UNB;110124_4375 - UNIVERSIDADE ABERTA DO BRASIL/CEAD_185501;ALICE MELO RIBEIRO;291390;CADEIRA FIXA SEM BRAÇOS;Bem MIGRADO do SIPAT: Registro: 291390 - Origem: FUBDados da última movimentação no SIPAT:Ano: 2012 Número: 12815 Matrícula Remetente: 1042459 Matrícula Recebedor: 713546 Local Remetente: 185501 Local Recebedor: 185501 Tipo de Movimentacão: 2 Data: Dez 17 2012 10:39AM Justificativa:Documentos de Ingresso: TIPO DE DOC. INGRESSO: 3224 NOTA FISCALEmpenho(s): EMPENHOS: Número: 913630 Data:Dez 31 2008 12:00AM;Em uso;ACAUTELADO;RUI SEIMETZ;;;;;
UNB;110.124_4397 - CEAD-COMPLEXO CEBRASPE-BLOCO 1 - ALA A;ALICE MELO RIBEIRO;367159;CADEIRA FIXA SEM BRAÇOS;Bem MIGRADO do SIPAT: Registro: 367159 - Origem: FEPADDados da última movimentação no SIPAT:Ano: 2019 Número: 6664 Matrícula Remetente: 1036581 Matrícula Recebedor: 1094122 Local Remetente: 185143 Local Recebedor: 191739 Tipo de Movimentacão: 2 Data: Jun 27 2019  1:38PM Justificativa:Documentos de Ingresso: TIPO DE DOC. INGRESSO: 2404 NOTA FISCAL | 151 ATO DO DECANATO DE ADMINISTRAÇÃOEmpenho(s):;Em uso;EFETIVADO;;;;;;
UNB;110124_4385 - SALA DA ASSESSORIA DA UAB / CEAD;ALICE MELO RIBEIRO;367200;CADEIRA FIXA SEM BRAÇOS;Bem MIGRADO do SIPAT: Registro: 367200 - Origem: FEPADDados da última movimentação no SIPAT:Ano: 2019 Número: 6679 Matrícula Remetente: 1047931 Matrícula Recebedor: 1094122 Local Remetente: 133728 Local Recebedor: 191740 Tipo de Movimentacão: 2 Data: Jun 28 2019 10:34AM Justificativa:Documentos de Ingresso: TIPO DE DOC. INGRESSO: 2404 NOTA FISCAL | 151 ATO DO DECANATO DE ADMINISTRAÇÃOEmpenho(s):;Em uso;EFETIVADO;;;;;;
UNB;110124_4390 - COPA / CEAD;ALICE MELO RIBEIRO;367207;CADEIRA FIXA SEM BRAÇOS;Bem MIGRADO do SIPAT: Registro: 367207 - Origem: FEPADDados da última movimentação no SIPAT:Ano: 2019 Número: 9567 Matrícula Remetente: 1047931 Matrícula Recebedor: 1094122 Local Remetente: 133728 Local Recebedor: 191741 Tipo de Movimentacão: 2 Data: Jul 30 2019  3:00PM Justificativa:Documentos de Ingresso: TIPO DE DOC. INGRESSO: 2404 NOTA FISCAL | 151 ATO DO DECANATO DE ADMINISTRAÇÃOEmpenho(s):;Em uso;EFETIVADO;;;;;;
UNB;110124_4390 - COPA / CEAD;ALICE MELO RIBEIRO;367201;CADEIRA FIXA SEM BRAÇOS;Bem MIGRADO do SIPAT: Registro: 367201 - Origem: FEPADDados da última movimentação no SIPAT:Ano: 2019 Número: 9567 Matrícula Remetente: 1047931 Matrícula Recebedor: 1094122 Local Remetente: 133728 Local Recebedor: 191741 Tipo de Movimentacão: 2 Data: Jul 30 2019  3:00PM Justificativa:Documentos de Ingresso: TIPO DE DOC. INGRESSO: 2404 NOTA FISCAL | 151 ATO DO DECANATO DE ADMINISTRAÇÃOEmpenho(s):;Em uso;EFETIVADO;;;;;;
UNB;110124_4390 - COPA / CEAD;ALICE MELO RIBEIRO;367205;CADEIRA FIXA SEM BRAÇOS;Bem MIGRADO do SIPAT: Registro: 367205 - Origem: FEPADDados da última movimentação no SIPAT:Ano: 2019 Número: 11484 Matrícula Remetente: 1036581 Matrícula Recebedor: 1116100 Local Remetente: 185143 Local Recebedor: 191754 Tipo de Movimentacão: 2 Data: Ago 30 2019  3:48PM Justificativa:Documentos de Ingresso: TIPO DE DOC. INGRESSO: 2404 NOTA FISCAL | 151 ATO DO DECANATO DE ADMINISTRAÇÃOEmpenho(s):;Em uso;EFETIVADO;;;;;;
UNB;110124_4375 - UNIVERSIDADE ABERTA DO BRASIL/CEAD_185501;ALICE MELO RIBEIRO;291389;CADEIRA FIXA SEM BRAÇOS;Bem MIGRADO do SIPAT: Registro: 291389 - Origem: FUBDados da última movimentação no SIPAT:Ano: 2012 Número: 12815 Matrícula Remetente: 1042459 Matrícula Recebedor: 713546 Local Remetente: 185501 Local Recebedor: 185501 Tipo de Movimentacão: 2 Data: Dez 17 2012 10:39AM Justificativa:Documentos de Ingresso: TIPO DE DOC. INGRESSO: 3224 NOTA FISCALEmpenho(s): EMPENHOS: Número: 913630 Data:Dez 31 2008 12:00AM;Em uso;ACAUTELADO;RUI SEIMETZ;;;;;
UNB;110124_4375 - UNIVERSIDADE ABERTA DO BRASIL/CEAD_185501;ALICE MELO RIBEIRO;291392;CADEIRA FIXA SEM BRAÇOS;Bem MIGRADO do SIPAT: Registro: 291392 - Origem: FUBDados da última movimentação no SIPAT:Ano: 2012 Número: 13748 Matrícula Remetente: 866512 Matrícula Recebedor: 713546 Local Remetente: 185501 Local Recebedor: 185501 Tipo de Movimentacão: 2 Data: Dez 17 2012 10:39AM Justificativa:Documentos de Ingresso: TIPO DE DOC. INGRESSO: 3224 NOTA FISCALEmpenho(s): EMPENHOS: Número: 913630 Data:Dez 31 2008 12:00AM;Em uso;ACAUTELADO;RUI SEIMETZ;;;;;
UNB;110.124_4397 - CEAD-COMPLEXO CEBRASPE-BLOCO 1 - ALA A;ALICE MELO RIBEIRO;367160;CADEIRA FIXA SEM BRAÇOS;Bem MIGRADO do SIPAT: Registro: 367160 - Origem: FEPADDados da última movimentação no SIPAT:Ano: 2019 Número: 6664 Matrícula Remetente: 1036581 Matrícula Recebedor: 1094122 Local Remetente: 185143 Local Recebedor: 191739 Tipo de Movimentacão: 2 Data: Jun 27 2019  1:38PM Justificativa:Documentos de Ingresso: TIPO DE DOC. INGRESSO: 2404 NOTA FISCAL | 151 ATO DO DECANATO DE ADMINISTRAÇÃOEmpenho(s):;Em uso;EFETIVADO;;;;;;
UNB;110124_4385 - SALA DA ASSESSORIA DA UAB / CEAD;ALICE MELO RIBEIRO;367163;CADEIRA GIRATORIA SEM BRAÇOS;Bem MIGRADO do SIPAT: Registro: 367163 - Origem: FEPADDados da última movimentação no SIPAT:Ano: 2019 Número: 9431 Matrícula Remetente: 1121588 Matrícula Recebedor: 1041321 Local Remetente: 191751 Local Recebedor: 191751 Tipo de Movimentacão: 2 Data: Jul 30 2019  3:05PM Justificativa:Documentos de Ingresso: TIPO DE DOC. INGRESSO: 2404 NOTA FISCAL | 151 ATO DO DECANATO DE ADMINISTRAÇÃOEmpenho(s):;Em uso;EFETIVADO;;;;;;
UNB;110124_4392 - SALA DA COORD. PLANEJAMENTO E FINANANÇAS / CEAD;ALICE MELO RIBEIRO;367171;CADEIRA GIRATORIA SEM BRAÇOS;Bem MIGRADO do SIPAT: Registro: 367171 - Origem: FEPADDados da última movimentação no SIPAT:Ano: 2019 Número: 6617 Matrícula Remetente: 1047931 Matrícula Recebedor: 1046926 Local Remetente: 133728 Local Recebedor: 191746 Tipo de Movimentacão: 2 Data: Jun 28 2019  8:45AM Justificativa:Documentos de Ingresso: TIPO DE DOC. INGRESSO: 2404 NOTA FISCAL | 151 ATO DO DECANATO DE ADMINISTRAÇÃOEmpenho(s):;Em uso;ACAUTELADO;BRENO MESQUITA DA SILVA;;;;;
UNB;110124_4396 - SALA ESTÚDIO DE GRAVAÇÃO / CEAD;ALICE MELO RIBEIRO;367162;CADEIRA GIRATORIA SEM BRAÇOS;Bem MIGRADO do SIPAT: Registro: 367162 - Origem: FEPADDados da última movimentação no SIPAT:Ano: 2019 Número: 8478 Matrícula Remetente: 1107500 Matrícula Recebedor: 1046675 Local Remetente: 133728 Local Recebedor: 191748 Tipo de Movimentacão: 2 Data: Jul 11 2019  5:02PM Justificativa:Documentos de Ingresso: TIPO DE DOC. INGRESSO: 2404 NOTA FISCAL | 151 ATO DO DECANATO DE ADMINISTRAÇÃOEmpenho(s):;Em uso;EFETIVADO;;;;;;
UNB;110124_4392 - SALA DA COORD. PLANEJAMENTO E FINANANÇAS / CEAD;ALICE MELO RIBEIRO;2022003395;CADEIRA; SECRETARIA; ENCOSTO; APOIA; BRAÇOS;;;;;
UNB;110124_4394 - SALA COORDENAÇÃO ACADÊMICA / CEAD;ALICE MELO RIBEIRO;2022003396;CADEIRA; SECRETARIA; ENCOSTO; APOIA; BRAÇOS;;;;;
UNB;110124_4396 - SALA ESTÚDIO DE GRAVAÇÃO / CEAD;ALICE MELO RIBEIRO;2022003397;CADEIRA; SECRETARIA; ENCOSTO; APOIA; BRAÇOS;;;;;
UNB;110124_4394 - SALA COORDENAÇÃO ACADÊMICA / CEAD;ALICE MELO RIBEIRO;2022003398;CADEIRA; SECRETARIA; ENCOSTO; APOIA; BRAÇOS;;;;;
UNB;110124_4394 - SALA COORDENAÇÃO ACADÊMICA / CEAD;ALICE MELO RIBEIRO;2022003399;CADEIRA; SECRETARIA; ENCOSTO; APOIA; BRAÇOS;;;;;
UNB;110124_4394 - SALA COORDENAÇÃO ACADÊMICA / CEAD;ALICE MELO RIBEIRO;2022003400;CADEIRA; SECRETARIA; ENCOSTO; APOIA; BRAÇOS;;;;;
UNB;110124_4394 - SALA COORDENAÇÃO ACADÊMICA / CEAD;ALICE MELO RIBEIRO;2022003401;CADEIRA; SECRETARIA; ENCOSTO; APOIA; BRAÇOS;;;;;
UNB;110124_4394 - SALA COORDENAÇÃO ACADÊMICA / CEAD;ALICE MELO RIBEIRO;2022003402;CADEIRA; SECRETARIA; ENCOSTO; APOIA; BRAÇOS;;;;;
UNB;110124_4393 - SALA CTIC / CEAD;ALICE MELO RIBEIRO;2022003375;CADEIRA; SECRETÁRIA;-CADEIRA ESPALDAR MÉDIO COM BRAÇOS -PATRIMÔNIO ANTERIOR: 395417;MARELLI;Em uso;;;;;
UNB;110124_4393 - SALA CTIC / CEAD;ALICE MELO RIBEIRO;2022003376;CADEIRA; SECRETÁRIA;-CADEIRA ESPALDAR MÉDIO COM BRAÇOS-PATRIMÔNIO ANTERIOR: 395469;MARELLI;Em uso;;;;;
UNB;110124_4386 - SALA DE REUNIÃO / CEAD;ALICE MELO RIBEIRO;2022003377;CADEIRA; SECRETÁRIA;CADEIRA ESPALDAR MÉDIO COM BRAÇOSPATRIMÔNIO ANTERIOR: 395441;MARELLI;Em uso;;;;;
UNB;110124_4393 - SALA CTIC / CEAD;ALICE MELO RIBEIRO;2022003378;CADEIRA; SECRETÁRIA;-CADEIRA ESPALDAR MÉDIO COM BRAÇOS -PATRIMÔNIO ANTERIOR: 396868;MARELLI;Em uso;;;;;
UNB;110124_4386 - SALA DE REUNIÃO / CEAD;ALICE MELO RIBEIRO;2022003379;CADEIRA; SECRETÁRIA;-CADEIRA ESPALDAR MÉDIO COM BRAÇOS-PATRIMÔNIO ANTERIOR: 396932;MARELLI;Em uso;;;;;
UNB;110124_4393 - SALA CTIC / CEAD;ALICE MELO RIBEIRO;2022003380;CADEIRA; SECRETÁRIA;-CADEIRA ESPALDAR MÉDIO COM BRAÇOS-PATRIMÔNIO ANTERIOR: 395440;MARELLI;Em uso;;;;;
UNB;110124_4393 - SALA CTIC / CEAD;ALICE MELO RIBEIRO;2022003381;CADEIRA; SECRETÁRIA;CADEIRA ESPALDAR MÉDIO COM BRAÇOSPATRIMÔNIO ANTERIOR: 396857;MARELLI;Em uso;;;;;
UNB;110124_4393 - SALA CTIC / CEAD;ALICE MELO RIBEIRO;2022003382;CADEIRA; SECRETÁRIA;-CADEIRA ESPALDAR MÉDIO COM BRAÇOS -PATRIMÔNIO ANTERIOR: 395429;MARELLI;Em uso;;;;;
UNB;110124_4393 - SALA CTIC / CEAD;ALICE MELO RIBEIRO;2022003383;CADEIRA; SECRETÁRIA;-CADEIRA ESPALDAR MÉDIO COM BRAÇOS-PATRIMÔNIO ANTERIOR: 395463;MARELLI;Em uso;;;;;
UNB;110.124_4397 - CEAD-COMPLEXO CEBRASPE-BLOCO 1 - ALA A;ALICE MELO RIBEIRO;2022003384;CADEIRA; SECRETÁRIA;-CADEIRA ESPALDAR MÉDIO COM BRAÇOS-PATRIMÔNIO ANTERIOR: 395479;MARELLI;Em uso;;;;;
UNB;110124_4393 - SALA CTIC / CEAD;ALICE MELO RIBEIRO;2022003385;CADEIRA; SECRETÁRIA;-CADEIRA ESPALDAR MÉDIO COM BRAÇOS -PATRIMÔNIO ANTERIOR: 396742;MARELLI;Em uso;;;;;
UNB;110124_4393 - SALA CTIC / CEAD;ALICE MELO RIBEIRO;2022003386;CADEIRA; SECRETÁRIA;-CADEIRA ESPALDAR MÉDIO-PATRIMÔNIO ANTERIOR: 395308;MARELLI;Em uso;;;;;
UNB;110124_4393 - SALA CTIC / CEAD;ALICE MELO RIBEIRO;2022003387;CADEIRA; SECRETÁRIA;-CADEIRA ESPALDAR MÉDIO COM BRAÇOS-PATRIMÔNIO ANTERIOR: 396977;MARELLI;Em uso;;;;;
UNB;110124_4396 - SALA ESTÚDIO DE GRAVAÇÃO / CEAD;ALICE MELO RIBEIRO;2024001529;-CAIXA ACÚSTICA ATIVA LEXSEN-MODELO: LXX-115-N/S: 1 123016 601623;-PROCESSO DE EMPENHO SEI: 23106.131980/2023-11 *2023NE4410-PROCESSO DE PAGAMENTO SEI: 23106.012643/2024-07-UNIDADE REQUISITANTE: CENTRO DE EDUCAÇÃO A DISTANCIA E TECNOLOGIAS EDUCACIONAIS-NF:1974 SÉ;Em uso;EFETIVADO;;;;;;
UNB;110124_4396 - SALA ESTÚDIO DE GRAVAÇÃO / CEAD;ALICE MELO RIBEIRO;2024001528;#NOME?; LL-MODELO: TRX-10-N/S: A461.333;NÃO INFORMADA;Em uso;EFETIVADO;;;;;
UNB;110124_4398 - SALA ILHA DE EDIÇÃO / CEAD;ALICE MELO RIBEIRO;351923;CAIXA DE SOM;Bem MIGRADO do SIPAT: Registro: 351923 - Origem: FUBDados da última movimentação no SIPAT:Ano: 2019 Número: 9425 Matrícula Remetente: 713546 Matrícula Recebedor: 1116100 Local Remetente: 185501 Local Recebedor: 191754 Tipo de Movimentacão: 2 Data: Jul 30 2019  3:58PM Justificativa:Documentos de Ingresso: TIPO DE DOC. INGRESSO: 119 NOTA FISCALEmpenho(s): EMPENHOS: Número: 908272 Data:Dez  6 2010 12:00AM;Em uso;ACAUTELADO;EDER DE SOUSA VASCONCELOS;;;;;
UNB;110124_4380 - COORD.DO CURSO DE MÚSICA-MUS/CEAD_186231;ALICE MELO RIBEIRO;321844;CAIXA DE SOM;Bem MIGRADO do SIPAT: Registro: 321844 - Origem: FUBDados da última movimentação no SIPAT:Ano: 2011 Número: 6854 Matrícula Remetente: 1039237 Matrícula Recebedor: 1044800 Local Remetente: 186231 Local Recebedor: 186231 Tipo de Movimentacão: 2 Data: Ago  1 2011  8:12AM Justificativa:Documentos de Ingresso: TIPO DE DOC. INGRESSO: 354 NOTA FISCALEmpenho(s): EMPENHOS: Número: 916064 Data:Dez 17 2009 12:00AM;Em uso;EFETIVADO;;;;;;
UNB;110124_4396 - SALA ESTÚDIO DE GRAVAÇÃO / CEAD;ALICE MELO RIBEIRO;351918;CÂMERA FILMADORA;Bem MIGRADO do SIPAT: Registro: 351918 - Origem: FUBDados da última movimentação no SIPAT:Ano: 2019 Número: 9425 Matrícula Remetente: 713546 Matrícula Recebedor: 1116100 Local Remetente: 185501 Local Recebedor: 191754 Tipo de Movimentacão: 2 Data: Jul 30 2019  3:58PM Justificativa:Documentos de Ingresso: TIPO DE DOC. INGRESSO: 119 NOTA FISCALEmpenho(s): EMPENHOS: Número: 908272 Data:Dez  6 2010 12:00AM;Em uso;EFETIVADO;;;;;;
UNB;110124_4396 - SALA ESTÚDIO DE GRAVAÇÃO / CEAD;ALICE MELO RIBEIRO;330155;CÂMERA FILMADORA;Bem MIGRADO do SIPAT: Registro: 330155 - Origem: FUBDados da última movimentação no SIPAT:Ano: 2019 Número: 2988 Matrícula Remetente: 1008226 Matrícula Recebedor: 1066234 Local Remetente: 138932 Local Recebedor: 188373 Tipo de Movimentacão: 2 Data: Mar 26 2019 10:30AM Justificativa:Documentos de Ingresso: TIPO DE DOC. INGRESSO: 806 NOTA FISCALEmpenho(s): EMPENHOS: Número: 915480 Data:Dez 11 2009 12:00AM;Em uso;EFETIVADO;;;;;;
UNB;110124_4381 - COORD.DO CURSO DE LETRAS-LIP/CEAD_186773;ALICE MELO RIBEIRO;321847;CÂMERA FILMADORA DIGITAL;Bem MIGRADO do SIPAT: Registro: 321847 - Origem: FUBDados da última movimentação no SIPAT:Ano: 2012 Número: 1250 Matrícula Remetente: 150401 Matrícula Recebedor: 1015826 Local Remetente: 185740 Local Recebedor: 186773 Tipo de Movimentacão: 3 Data: Mar  2 2012  9:47AM Justificativa:Documentos de Ingresso: TIPO DE DOC. INGRESSO: 354 NOTA FISCALEmpenho(s): EMPENHOS: Número: 96064 Data:Dez 17 2009 12:00AM;Em uso;ACAUTELADO;JANAINA DE AQUINO FERRAZ;;;;;
UNB;110124_4396 - SALA ESTÚDIO DE GRAVAÇÃO / CEAD;ALICE MELO RIBEIRO;349470;CÂMERA FOTOGRÁFICA DIGITAL;Bem MIGRADO do SIPAT: Registro: 349470 - Origem: FUBDados da última movimentação no SIPAT:Ano: 2019 Número: 9949 Matrícula Remetente: 1107500 Matrícula Recebedor: 1116100 Local Remetente: 133728 Local Recebedor: 191754 Tipo de Movimentacão: 2 Data: Ago  1 2019  3:00PM Justificativa:Documentos de Ingresso: TIPO DE DOC. INGRESSO: 725 NOTA FISCALEmpenho(s): EMPENHOS: Número: 805066 Data:Nov  5 2018 12:00AM;Em uso;EFETIVADO;;;;;;
UNB;110124_4396 - SALA ESTÚDIO DE GRAVAÇÃO / CEAD;ALICE MELO RIBEIRO;349471;CÂMERA FOTOGRÁFICA DIGITAL;Bem MIGRADO do SIPAT: Registro: 349471 - Origem: FUBDados da última movimentação no SIPAT:Ano: 2019 Número: 9953 Matrícula Remetente: 1107500 Matrícula Recebedor: 1123220 Local Remetente: 133728 Local Recebedor: 191753 Tipo de Movimentacão: 2 Data: Ago  1 2019  3:00PM Justificativa:Documentos de Ingresso: TIPO DE DOC. INGRESSO: 725 NOTA FISCALEmpenho(s): EMPENHOS: Número: 805066 Data:Nov  5 2018 12:00AM;Em uso;EFETIVADO;;;;;;
UNB;110124_4396 - SALA ESTÚDIO DE GRAVAÇÃO / CEAD;ALICE MELO RIBEIRO;474491;CÂMERA FOTOGRÁFICA DIGITAL;Bem MIGRADO do SIPAT: Registro: 474491 - Origem: FUBDados da última movimentação no SIPAT:Ano: 2020 Número: 1241 Matrícula Remetente:  Matrícula Recebedor: 1123220 Local Remetente:  Local Recebedor: 191753 Tipo de Movimentacão: 1 Data: Fev 10 2020 12:30PM Justificativa:Documentos de Ingresso: TIPO DE DOC. INGRESSO: 878 NOTA FISCALEmpenho(s): EMPENHOS: Número: 804515 Data:Out 23 2019 12:00AM;Em uso;EFETIVADO;;;;;;
UNB;110124_4396 - SALA ESTÚDIO DE GRAVAÇÃO / CEAD;ALICE MELO RIBEIRO;385993;CÂMERA FOTOGRÁFICA DIGITAL;Bem MIGRADO do SIPAT: Registro: 385993 - Origem: PESFISDados da última movimentação no SIPAT:Ano: 2019 Número: 9952 Matrícula Remetente: 713546 Matrícula Recebedor: 1123220 Local Remetente: 186134 Local Recebedor: 191753 Tipo de Movimentacão: 2 Data: Ago  1 2019  2:59PM Justificativa:Documentos de Ingresso: Empenho(s):;Em uso;EFETIVADO;;;;;;
UNB;110124_4390 - COPA / CEAD;ALICE MELO RIBEIRO;193639;CANTO BAIXO;Bem MIGRADO do SIPAT: Registro: 193639 - Origem: FUBDados da última movimentação no SIPAT:Ano: 2020 Número: 3295 Matrícula Remetente: 9992242 Matrícula Recebedor: 9992241 Local Remetente: 188228 Local Recebedor: 188229 Tipo de Movimentacão: 6 Data: Jul  1 2020 12:40AM Justificativa: Devolução de bens do contrato 034/2019Documentos de Ingresso: TIPO DE DOC. INGRESSO: 4417 NOTA FISCALEmpenho(s): EMPENHOS: Número: 294 Data:Abr 10 2000 12:00AM;Em uso;EFETIVADO;;;;;;
UNB;110124_4391 - SALA DA SECRETARIA / CEAD;ALICE MELO RIBEIRO;480988;CARGA DE EXTINTOR DE INCÊNDIO;Bem MIGRADO do SIPAT: Registro: 480988 - Origem: FUBDados da última movimentação no SIPAT:Ano: 2020 Número: 5043 Matrícula Remetente:  Matrícula Recebedor: 1094122 Local Remetente:  Local Recebedor: 191739 Tipo de Movimentacão: 1 Data: Dez 10 2020  5:15PM Justificativa: 23106.101883/2020-43Documentos de Ingresso: TIPO DE DOC. INGRESSO: 5.489 NOTA FISCALEmpenho(s): EMPENHOS: Número: 802668 Data:Out 21 2020 12:00AM;Em uso;EFETIVADO;;;;;;
UNB;110124_4391 - SALA DA SECRETARIA / CEAD;ALICE MELO RIBEIRO;480991;CARGA DE EXTINTOR DE INCÊNDIO;Bem MIGRADO do SIPAT: Registro: 480991 - Origem: FUBDados da última movimentação no SIPAT:Ano: 2020 Número: 5043 Matrícula Remetente:  Matrícula Recebedor: 1094122 Local Remetente:  Local Recebedor: 191739 Tipo de Movimentacão: 1 Data: Dez 10 2020  5:15PM Justificativa: 23106.101883/2020-43Documentos de Ingresso: TIPO DE DOC. INGRESSO: 5.489 NOTA FISCALEmpenho(s): EMPENHOS: Número: 802668 Data:Out 21 2020 12:00AM;Em uso;EFETIVADO;;;;;;
UNB;110124_4391 - SALA DA SECRETARIA / CEAD;ALICE MELO RIBEIRO;480989;CARGA DE EXTINTOR DE INCÊNDIO;Bem MIGRADO do SIPAT: Registro: 480989 - Origem: FUBDados da última movimentação no SIPAT:Ano: 2020 Número: 5043 Matrícula Remetente:  Matrícula Recebedor: 1094122 Local Remetente:  Local Recebedor: 191739 Tipo de Movimentacão: 1 Data: Dez 10 2020  5:15PM Justificativa: 23106.101883/2020-43Documentos de Ingresso: TIPO DE DOC. INGRESSO: 5.489 NOTA FISCALEmpenho(s): EMPENHOS: Número: 802668 Data:Out 21 2020 12:00AM;Em uso;EFETIVADO;;;;;;
UNB;110124_4391 - SALA DA SECRETARIA / CEAD;ALICE MELO RIBEIRO;480992;CARGA DE EXTINTOR DE INCÊNDIO;Bem MIGRADO do SIPAT: Registro: 480992 - Origem: FUBDados da última movimentação no SIPAT:Ano: 2020 Número: 5043 Matrícula Remetente:  Matrícula Recebedor: 1094122 Local Remetente:  Local Recebedor: 191739 Tipo de Movimentacão: 1 Data: Dez 10 2020  5:15PM Justificativa: 23106.101883/2020-43Documentos de Ingresso: TIPO DE DOC. INGRESSO: 5.489 NOTA FISCALEmpenho(s): EMPENHOS: Número: 802668 Data:Out 21 2020 12:00AM;Em uso;EFETIVADO;;;;;;
UNB;110124_4391 - SALA DA SECRETARIA / CEAD;ALICE MELO RIBEIRO;480990;CARGA DE EXTINTOR DE INCÊNDIO;Bem MIGRADO do SIPAT: Registro: 480990 - Origem: FUBDados da última movimentação no SIPAT:Ano: 2020 Número: 5043 Matrícula Remetente:  Matrícula Recebedor: 1094122 Local Remetente:  Local Recebedor: 191739 Tipo de Movimentacão: 1 Data: Dez 10 2020  5:15PM Justificativa: 23106.101883/2020-43Documentos de Ingresso: TIPO DE DOC. INGRESSO: 5.489 NOTA FISCALEmpenho(s): EMPENHOS: Número: 802668 Data:Out 21 2020 12:00AM;Em uso;EFETIVADO;;;;;;
UNB;;;481160;CARGA DE EXTINTOR DE INCÊNDIO;Bem MIGRADO do SIPAT: Registro: 481160 - Origem: FUBDados da última movimentação no SIPAT:Documentos de Ingresso: TIPO DE DOC. INGRESSO: 5.489 NOTA FISCALEmpenho(s): EMPENHOS: Número: 802668 Data:Out 21 2020 12:00AM;Em uso;EFETIVADO;;;;;;
UNB;;;481159;CARGA DE EXTINTOR DE INCÊNDIO;Bem MIGRADO do SIPAT: Registro: 481159 - Origem: FUBDados da última movimentação no SIPAT:Documentos de Ingresso: TIPO DE DOC. INGRESSO: 5.489 NOTA FISCALEmpenho(s): EMPENHOS: Número: 802668 Data:Out 21 2020 12:00AM;Em uso;EFETIVADO;;;;;;
UNB;110124_4388 - ALMOXARIFADO / CEAD;ALICE MELO RIBEIRO;313247;CARRO;Bem MIGRADO do SIPAT: Registro: 313247 - Origem: FUBDados da última movimentação no SIPAT:Ano: 2019 Número: 6722 Matrícula Remetente: 1047931 Matrícula Recebedor: 1094122 Local Remetente: 133728 Local Recebedor: 191743 Tipo de Movimentacão: 2 Data: Jun 28 2019  8:45AM Justificativa:Documentos de Ingresso: TIPO DE DOC. INGRESSO: 6648 NOTA FISCALEmpenho(s): EMPENHOS: Número: 909159 Data:Set 25 2009 12:00AM;Em uso;EFETIVADO;;;;;;
UNB;110124_4373 - CENTRO DE EDUCAÇÃO À DISTÂNCIA/CEAD_133728;ALICE MELO RIBEIRO;2020283533;COMPASSO DE DESENHO COMUM;Bem MIGRADO do SIPAT: Registro: 912298 - Origem: FUBDados da última movimentação no SIPAT:Ano: 2004 Número: 2056 Matrícula Remetente: 131369 Matrícula Recebedor: 613878 Local Remetente: 151866 Local Recebedor: 133728 Tipo de Movimentacão: 2 Data:  Justificativa:Documentos de Ingresso: TIPO DE DOC. INGRESSO: 50520 NOTA FISCALEmpenho(s): EMPENHOS: Número: 90145 Data:Abr  6 1992 12:00AM;Em uso;ACAUTELADO;BERNARDO KIPNIS;;;;;
UNB;110124_4373 - CENTRO DE EDUCAÇÃO À DISTÂNCIA/CEAD_133728;ALICE MELO RIBEIRO;2020283534;COMPASSO DE DESENHO COMUM;Bem MIGRADO do SIPAT: Registro: 912298 - Origem: FUBDados da última movimentação no SIPAT:Ano: 2004 Número: 2056 Matrícula Remetente: 131369 Matrícula Recebedor: 613878 Local Remetente: 151866 Local Recebedor: 133728 Tipo de Movimentacão: 2 Data:  Justificativa:Documentos de Ingresso: TIPO DE DOC. INGRESSO: 50520 NOTA FISCALEmpenho(s): EMPENHOS: Número: 90145 Data:Abr  6 1992 12:00AM;Em uso;ACAUTELADO;BERNARDO KIPNIS;;;;;
UNB;;;2025000075 (BEM DE TERCEIRO);-COMPUTADOR ALTO DESEMPENHO INTEL I9-13900KF; GEFORCE RTX 4090 24GB;-PROJETO FINATEC: 61998/2024-BENS DE 3°: 11237-COORDENADOR (A): ALICE MELO RIBEIRO-SEI: 23106.000504/2025-11-NF:811 SÉRIE:1 DATA:20/12/2024;-Computador alto desempenho intel i9-13900KF, GeForce RTX 409024GB, 64GB DDR5, 2X SSD M.2 2TB-BENS DE 3°: 11237;NÃO INFORMADA;;;;;
UNB;110124_4394 - SALA COORDENAÇÃO ACADÊMICA / CEAD;ALICE MELO RIBEIRO;2022002852;COMPUTADOR; DESKTOP -N/S: 5A271HD36-LACRE: 08773;POSITIVO;Em uso;EFETIVADO;;;;;
UNB;110124_4398 - SALA ILHA DE EDIÇÃO / CEAD;ALICE MELO RIBEIRO;2022002851;COMPUTADOR; DESKTOP -N/S: 5A271HF3C-LACRE: 08772;POSITIVO;Em uso;EFETIVADO;;;;;
UNB;110124_4393 - SALA CTIC / CEAD;ALICE MELO RIBEIRO;2022002850;COMPUTADOR; DESKTOP -N/S: 5A271HF5M -LACRE: 08771;POSITIVO;Em uso;ACAUTELADO;;;;;
UNB;110124_4384 - SALA DA DIREÇÃO / CEAD;ALICE MELO RIBEIRO;2022002853;COMPUTADOR; DESKTOP -N/S: 5A271HG5P-LACRE: 08774;POSITIVO;Em uso;EFETIVADO;;;;;
UNB;110124_4375 - UNIVERSIDADE ABERTA DO BRASIL/CEAD_185501;ALICE MELO RIBEIRO;310393;CONDENSADORA DE AR;Bem MIGRADO do SIPAT: Registro: 310393 - Origem: FUBDados da última movimentação no SIPAT:Ano: 2013 Número: 138 Matrícula Remetente: 1006185 Matrícula Recebedor: 713546 Local Remetente: 185501 Local Recebedor: 185501 Tipo de Movimentacão: 2 Data: Jan 10 2013  2:28PM Justificativa:Documentos de Ingresso: TIPO DE DOC. INGRESSO: 402 NOTA FISCALEmpenho(s): EMPENHOS: Número: 913624 Data:Dez 31 2008 12:00AM;Em uso;ACAUTELADO;RUI SEIMETZ;;;;;
UNB;110124_4375 - UNIVERSIDADE ABERTA DO BRASIL/CEAD_185501;ALICE MELO RIBEIRO;447364;CONDENSADORA DE AR;Bem MIGRADO do SIPAT: Registro: 447364 - Origem: FUBDados da última movimentação no SIPAT:Ano: 2017 Número: 2063 Matrícula Remetente:  Matrícula Recebedor: 713546 Local Remetente:  Local Recebedor: 185501 Tipo de Movimentacão: 1 Data: Fev  9 2017 12:06PM Justificativa: INVENTARIO.Documentos de Ingresso: Empenho(s):;Em uso;ACAUTELADO;RUI SEIMETZ;;;;;
UNB;110124_4375 - UNIVERSIDADE ABERTA DO BRASIL/CEAD_185501;ALICE MELO RIBEIRO;310398;CONDENSADORA DE AR;Bem MIGRADO do SIPAT: Registro: 310398 - Origem: FUBDados da última movimentação no SIPAT:Ano: 2013 Número: 3242 Matrícula Remetente: 1043765 Matrícula Recebedor: 713546 Local Remetente: 185501 Local Recebedor: 185501 Tipo de Movimentacão: 2 Data: Mar 21 2013  9:52AM Justificativa:Documentos de Ingresso: TIPO DE DOC. INGRESSO: 402 NOTA FISCALEmpenho(s): EMPENHOS: Número: 913624 Data:Dez 31 2008 12:00AM;Em uso;ACAUTELADO;RUI SEIMETZ;;;;;
UNB;110124_4373 - CENTRO DE EDUCAÇÃO À DISTÂNCIA/CEAD_133728;ALICE MELO RIBEIRO;233540;CONDENSADORA DE AR;Bem MIGRADO do SIPAT: Registro: 233540 - Origem: FUBDados da última movimentação no SIPAT:Ano: 2005 Número: 6145 Matrícula Remetente:  Matrícula Recebedor: 613878 Local Remetente:  Local Recebedor: 133728 Tipo de Movimentacão: 1 Data: Ago 28 2007  3:10PM Justificativa:Documentos de Ingresso: TIPO DE DOC. INGRESSO: 2362 NOTA FISCALEmpenho(s): EMPENHOS: Número: 904267 Data:Jul 15 2005 12:00AM;Em uso;ACAUTELADO;BERNARDO KIPNIS;;;;;
UNB;110124_4372 - SALA DO RACK / CEAD;ALICE MELO RIBEIRO;402918;CONDICIONADOR DE AR;Bem MIGRADO do SIPAT: Registro: 402918 - Origem: FUBDados da última movimentação no SIPAT:Ano: 2019 Número: 6617 Matrícula Remetente: 1047931 Matrícula Recebedor: 1046926 Local Remetente: 133728 Local Recebedor: 191746 Tipo de Movimentacão: 2 Data: Jun 28 2019  8:45AM Justificativa:Documentos de Ingresso: TIPO DE DOC. INGRESSO: 95 ATO DO DECANATO DE ADMINISTRAÇÃOEmpenho(s):;Em uso;ACAUTELADO;LUIS MARCOS MARTINS DO NASCIMENTO;;;;;
UNB;110124_4394 - SALA COORDENAÇÃO ACADÊMICA / CEAD;ALICE MELO RIBEIRO;2023003371; DESKTOP DATEN DC5A-S  ;PROCESSO SEI DE EMPENHO:23106.137871/2022-19PROCESSO SEI DE COMPRA: 23106.040143/2023-76UNIDADE REQUISITANTE: CENTRO DE EDUCACAO A DISTANCIA (11.01.24)NF: 61677     SÉRIE:004       DATA: 14/03/2023;Em uso;EFETIVADO;;;;;;
UNB;110124_4398 - SALA ILHA DE EDIÇÃO / CEAD;ALICE MELO RIBEIRO;2023003373; DESKTOP DATEN DC5A-S  ;PROCESSO SEI DE EMPENHO:23106.137871/2022-19PROCESSO SEI DE COMPRA: 23106.040143/2023-76UNIDADE REQUISITANTE: CENTRO DE EDUCACAO A DISTANCIA (11.01.24)NF: 61677     SÉRIE:004       DATA: 14/03/2023;Em uso;EFETIVADO;;;;;;
UNB;110124_4394 - SALA COORDENAÇÃO ACADÊMICA / CEAD;ALICE MELO RIBEIRO;2023003372; DESKTOP DATEN DC5A-S     ;PROCESSO SEI DE EMPENHO:23106.137871/2022-19PROCESSO SEI DE COMPRA: 23106.040143/2023-76UNIDADE REQUISITANTE: CENTRO DE EDUCACAO A DISTANCIA (11.01.24)NF: 61677     SÉRIE:004       DATA: 14/03/2023;Em uso;EFETIVADO;;;;;;
UNB;110124_4373 - CENTRO DE EDUCAÇÃO À DISTÂNCIA/CEAD_133728;ALICE MELO RIBEIRO;914669;DICIONÁRIO;Bem MIGRADO do SIPAT: Registro: 914669 - Origem: FINATECDados da última movimentação no SIPAT:Ano: 2003 Número: 8653 Matrícula Remetente: 122432 Matrícula Recebedor: 613878 Local Remetente: 133728 Local Recebedor: 133728 Tipo de Movimentacão: 2 Data:  Justificativa:Documentos de Ingresso: TIPO DE DOC. INGRESSO: 157 NOTA FISCALEmpenho(s):;Em uso;ACAUTELADO;BERNARDO KIPNIS;;;;;
UNB;110124_4373 - CENTRO DE EDUCAÇÃO À DISTÂNCIA/CEAD_133728;ALICE MELO RIBEIRO;2020283481;DICIONÁRIO;Bem MIGRADO do SIPAT: Registro: 914682 - Origem: FINATECDados da última movimentação no SIPAT:Ano: 2003 Número: 8653 Matrícula Remetente: 122432 Matrícula Recebedor: 613878 Local Remetente: 133728 Local Recebedor: 133728 Tipo de Movimentacão: 2 Data:  Justificativa:Documentos de Ingresso: TIPO DE DOC. INGRESSO: 6705 NOTA FISCALEmpenho(s):;Em uso;ACAUTELADO;BERNARDO KIPNIS;;;;;
UNB;110124_4373 - CENTRO DE EDUCAÇÃO À DISTÂNCIA/CEAD_133728;ALICE MELO RIBEIRO;2020283482;DICIONÁRIO;Bem MIGRADO do SIPAT: Registro: 914682 - Origem: FINATECDados da última movimentação no SIPAT:Ano: 2003 Número: 8653 Matrícula Remetente: 122432 Matrícula Recebedor: 613878 Local Remetente: 133728 Local Recebedor: 133728 Tipo de Movimentacão: 2 Data:  Justificativa:Documentos de Ingresso: TIPO DE DOC. INGRESSO: 6705 NOTA FISCALEmpenho(s):;Em uso;ACAUTELADO;BERNARDO KIPNIS;;;;;
UNB;110124_4373 - CENTRO DE EDUCAÇÃO À DISTÂNCIA/CEAD_133728;ALICE MELO RIBEIRO;2020283483;DICIONÁRIO;Bem MIGRADO do SIPAT: Registro: 914682 - Origem: FINATECDados da última movimentação no SIPAT:Ano: 2003 Número: 8653 Matrícula Remetente: 122432 Matrícula Recebedor: 613878 Local Remetente: 133728 Local Recebedor: 133728 Tipo de Movimentacão: 2 Data:  Justificativa:Documentos de Ingresso: TIPO DE DOC. INGRESSO: 6705 NOTA FISCALEmpenho(s):;Em uso;ACAUTELADO;BERNARDO KIPNIS;;;;;
UNB;110124_4373 - CENTRO DE EDUCAÇÃO À DISTÂNCIA/CEAD_133728;ALICE MELO RIBEIRO;2020283484;DICIONÁRIO;Bem MIGRADO do SIPAT: Registro: 914682 - Origem: FINATECDados da última movimentação no SIPAT:Ano: 2003 Número: 8653 Matrícula Remetente: 122432 Matrícula Recebedor: 613878 Local Remetente: 133728 Local Recebedor: 133728 Tipo de Movimentacão: 2 Data:  Justificativa:Documentos de Ingresso: TIPO DE DOC. INGRESSO: 6705 NOTA FISCALEmpenho(s):;Em uso;ACAUTELADO;BERNARDO KIPNIS;;;;;
UNB;110124_4396 - SALA ESTÚDIO DE GRAVAÇÃO / CEAD;ALICE MELO RIBEIRO;2023001915;DRONE DJI AIR 2S FLY MORE COMBO CINZA;EMPENHO SEI: 23106.018622/2022-25SEI DE PAGAMENTO: 23106.035036/2023-26N/F: 140 SERIE: 1 DATA: 14/03/2023UNIDADE REQUISITANTE: CENTRO DE EDUCACAO A DISTANCIA (11.01.24);Em uso;EFETIVADO;;;;;;
UNB;110124_4387 - RECEPÇÃO / CEAD;ALICE MELO RIBEIRO;427016;EQUIP. ACESSO ÁREA RESTRITA E/OU CATRACA;Bem MIGRADO do SIPAT: Registro: 427016 - Origem: FUBDados da última movimentação no SIPAT:Ano: 2019 Número: 17893 Matrícula Remetente: 9992242 Matrícula Recebedor: 9992241 Local Remetente: 188228 Local Recebedor: 188229 Tipo de Movimentacão: 6 Data: Dez 10 2019  3:21PM Justificativa: Oficio Cebraspe 3808 de 28.11.2019Documentos de Ingresso: TIPO DE DOC. INGRESSO: 1275 NOTA FISCALEmpenho(s): EMPENHOS: Número: 801687 Data:Ago 22 2012 12:00AM;Em uso;EFETIVADO;;;;;;
UNB;110124_4387 - RECEPÇÃO / CEAD;ALICE MELO RIBEIRO;427015;EQUIP. ACESSO ÁREA RESTRITA E/OU CATRACA;Bem MIGRADO do SIPAT: Registro: 427015 - Origem: FUBDados da última movimentação no SIPAT:Ano: 2019 Número: 17893 Matrícula Remetente: 9992242 Matrícula Recebedor: 9992241 Local Remetente: 188228 Local Recebedor: 188229 Tipo de Movimentacão: 6 Data: Dez 10 2019  3:21PM Justificativa: Oficio Cebraspe 3808 de 28.11.2019Documentos de Ingresso: TIPO DE DOC. INGRESSO: 1275 NOTA FISCALEmpenho(s): EMPENHOS: Número: 801687 Data:Ago 22 2012 12:00AM;Em uso;EFETIVADO;;;;;;
UNB;110124_4387 - RECEPÇÃO / CEAD;ALICE MELO RIBEIRO;386617;EQUIP. ACESSO ÁREA RESTRITA E/OU CATRACA;Bem MIGRADO do SIPAT: Registro: 386617 - Origem: FUBDados da última movimentação no SIPAT:Ano: 2019 Número: 17893 Matrícula Remetente: 9992242 Matrícula Recebedor: 9992241 Local Remetente: 188228 Local Recebedor: 188229 Tipo de Movimentacão: 6 Data: Dez 10 2019  3:21PM Justificativa: Oficio Cebraspe 3808 de 28.11.2019Documentos de Ingresso: TIPO DE DOC. INGRESSO: 1275 NOTA FISCALEmpenho(s): EMPENHOS: Número: 801687 Data:Ago 22 2012 12:00AM;Em uso;EFETIVADO;;;;;;
UNB;110124_4373 - CENTRO DE EDUCAÇÃO À DISTÂNCIA/CEAD_133728;ALICE MELO RIBEIRO;235942;ESTABILIZADOR ELETRONICO;Bem MIGRADO do SIPAT: Registro: 235942 - Origem: FUBDados da última movimentação no SIPAT:Ano: 2005 Número: 6514 Matrícula Remetente:  Matrícula Recebedor: 613878 Local Remetente:  Local Recebedor: 133728 Tipo de Movimentacão: 1 Data:  Justificativa:Documentos de Ingresso: TIPO DE DOC. INGRESSO: 15992 NOTA FISCALEmpenho(s): EMPENHOS: Número: 903615 Data:Jun 21 2005 12:00AM;Em uso;ACAUTELADO;BERNARDO KIPNIS;;;;;
UNB;110124_4373 - CENTRO DE EDUCAÇÃO À DISTÂNCIA/CEAD_133728;ALICE MELO RIBEIRO;235945;ESTABILIZADOR ELETRONICO;Bem MIGRADO do SIPAT: Registro: 235945 - Origem: FUBDados da última movimentação no SIPAT:Ano: 2005 Número: 6514 Matrícula Remetente:  Matrícula Recebedor: 613878 Local Remetente:  Local Recebedor: 133728 Tipo de Movimentacão: 1 Data:  Justificativa:Documentos de Ingresso: TIPO DE DOC. INGRESSO: 15992 NOTA FISCALEmpenho(s): EMPENHOS: Número: 903615 Data:Jun 21 2005 12:00AM;Em uso;ACAUTELADO;BERNARDO KIPNIS;;;;;
UNB;110124_4373 - CENTRO DE EDUCAÇÃO À DISTÂNCIA/CEAD_133728;ALICE MELO RIBEIRO;235924;ESTABILIZADOR ELETRONICO;Bem MIGRADO do SIPAT: Registro: 235924 - Origem: FUBDados da última movimentação no SIPAT:Ano: 2005 Número: 6514 Matrícula Remetente:  Matrícula Recebedor: 613878 Local Remetente:  Local Recebedor: 133728 Tipo de Movimentacão: 1 Data:  Justificativa:Documentos de Ingresso: TIPO DE DOC. INGRESSO: 15992 NOTA FISCALEmpenho(s): EMPENHOS: Número: 903615 Data:Jun 21 2005 12:00AM;Em uso;ACAUTELADO;BERNARDO KIPNIS;;;;;
UNB;110124_4381 - COORD.DO CURSO DE LETRAS-LIP/CEAD_186773;ALICE MELO RIBEIRO;371083;ESTABILIZADOR ELETRONICO;Bem MIGRADO do SIPAT: Registro: 371083 - Origem: FUBDados da última movimentação no SIPAT:Ano: 2012 Número: 8692 Matrícula Remetente: 1042459 Matrícula Recebedor: 1015826 Local Remetente: 185501 Local Recebedor: 186773 Tipo de Movimentacão: 2 Data: Fev 20 2013  3:29PM Justificativa:Documentos de Ingresso: TIPO DE DOC. INGRESSO: 000002930 NOTA FISCALEmpenho(s): EMPENHOS: Número: 808466 Data:Dez  2 2011 12:00AM;Em uso;ACAUTELADO;JANAINA DE AQUINO FERRAZ;;;;;
UNB;110124_4373 - CENTRO DE EDUCAÇÃO À DISTÂNCIA/CEAD_133728;ALICE MELO RIBEIRO;235948;ESTABILIZADOR ELETRONICO;Bem MIGRADO do SIPAT: Registro: 235948 - Origem: FUBDados da última movimentação no SIPAT:Ano: 2005 Número: 6514 Matrícula Remetente:  Matrícula Recebedor: 613878 Local Remetente:  Local Recebedor: 133728 Tipo de Movimentacão: 1 Data:  Justificativa:Documentos de Ingresso: TIPO DE DOC. INGRESSO: 15992 NOTA FISCALEmpenho(s): EMPENHOS: Número: 903615 Data:Jun 21 2005 12:00AM;Em uso;ACAUTELADO;BERNARDO KIPNIS;;;;;
UNB;110124_4373 - CENTRO DE EDUCAÇÃO À DISTÂNCIA/CEAD_133728;ALICE MELO RIBEIRO;235951;ESTABILIZADOR ELETRONICO;Bem MIGRADO do SIPAT: Registro: 235951 - Origem: FUBDados da última movimentação no SIPAT:Ano: 2005 Número: 6514 Matrícula Remetente:  Matrícula Recebedor: 613878 Local Remetente:  Local Recebedor: 133728 Tipo de Movimentacão: 1 Data:  Justificativa:Documentos de Ingresso: TIPO DE DOC. INGRESSO: 15992 NOTA FISCALEmpenho(s): EMPENHOS: Número: 903615 Data:Jun 21 2005 12:00AM;Em uso;ACAUTELADO;BERNARDO KIPNIS;;;;;
UNB;110124_4373 - CENTRO DE EDUCAÇÃO À DISTÂNCIA/CEAD_133728;ALICE MELO RIBEIRO;235940;ESTABILIZADOR ELETRONICO;Bem MIGRADO do SIPAT: Registro: 235940 - Origem: FUBDados da última movimentação no SIPAT:Ano: 2005 Número: 6514 Matrícula Remetente:  Matrícula Recebedor: 613878 Local Remetente:  Local Recebedor: 133728 Tipo de Movimentacão: 1 Data:  Justificativa:Documentos de Ingresso: TIPO DE DOC. INGRESSO: 15992 NOTA FISCALEmpenho(s): EMPENHOS: Número: 903615 Data:Jun 21 2005 12:00AM;Em uso;ACAUTELADO;BERNARDO KIPNIS;;;;;
UNB;110124_4373 - CENTRO DE EDUCAÇÃO À DISTÂNCIA/CEAD_133728;ALICE MELO RIBEIRO;235943;ESTABILIZADOR ELETRONICO;Bem MIGRADO do SIPAT: Registro: 235943 - Origem: FUBDados da última movimentação no SIPAT:Ano: 2005 Número: 6514 Matrícula Remetente:  Matrícula Recebedor: 613878 Local Remetente:  Local Recebedor: 133728 Tipo de Movimentacão: 1 Data:  Justificativa:Documentos de Ingresso: TIPO DE DOC. INGRESSO: 15992 NOTA FISCALEmpenho(s): EMPENHOS: Número: 903615 Data:Jun 21 2005 12:00AM;Em uso;ACAUTELADO;BERNARDO KIPNIS;;;;;
UNB;110124_4373 - CENTRO DE EDUCAÇÃO À DISTÂNCIA/CEAD_133728;ALICE MELO RIBEIRO;235946;ESTABILIZADOR ELETRONICO;Bem MIGRADO do SIPAT: Registro: 235946 - Origem: FUBDados da última movimentação no SIPAT:Ano: 2005 Número: 6514 Matrícula Remetente:  Matrícula Recebedor: 613878 Local Remetente:  Local Recebedor: 133728 Tipo de Movimentacão: 1 Data:  Justificativa:Documentos de Ingresso: TIPO DE DOC. INGRESSO: 15992 NOTA FISCALEmpenho(s): EMPENHOS: Número: 903615 Data:Jun 21 2005 12:00AM;Em uso;ACAUTELADO;BERNARDO KIPNIS;;;;;
UNB;110124_4373 - CENTRO DE EDUCAÇÃO À DISTÂNCIA/CEAD_133728;ALICE MELO RIBEIRO;235949;ESTABILIZADOR ELETRONICO;Bem MIGRADO do SIPAT: Registro: 235949 - Origem: FUBDados da última movimentação no SIPAT:Ano: 2005 Número: 6514 Matrícula Remetente:  Matrícula Recebedor: 613878 Local Remetente:  Local Recebedor: 133728 Tipo de Movimentacão: 1 Data:  Justificativa:Documentos de Ingresso: TIPO DE DOC. INGRESSO: 15992 NOTA FISCALEmpenho(s): EMPENHOS: Número: 903615 Data:Jun 21 2005 12:00AM;Em uso;ACAUTELADO;BERNARDO KIPNIS;;;;;
UNB;110124_4373 - CENTRO DE EDUCAÇÃO À DISTÂNCIA/CEAD_133728;ALICE MELO RIBEIRO;235941;ESTABILIZADOR ELETRONICO;Bem MIGRADO do SIPAT: Registro: 235941 - Origem: FUBDados da última movimentação no SIPAT:Ano: 2005 Número: 6514 Matrícula Remetente:  Matrícula Recebedor: 613878 Local Remetente:  Local Recebedor: 133728 Tipo de Movimentacão: 1 Data:  Justificativa:Documentos de Ingresso: TIPO DE DOC. INGRESSO: 15992 NOTA FISCALEmpenho(s): EMPENHOS: Número: 903615 Data:Jun 21 2005 12:00AM;Em uso;ACAUTELADO;BERNARDO KIPNIS;;;;;
UNB;110124_4380 - COORD.DO CURSO DE MÚSICA-MUS/CEAD_186231;ALICE MELO RIBEIRO;371079;ESTABILIZADOR ELETRONICO;Bem MIGRADO do SIPAT: Registro: 371079 - Origem: FUBDados da última movimentação no SIPAT:Ano: 2012 Número: 8693 Matrícula Remetente: 1042459 Matrícula Recebedor: 1044800 Local Remetente: 185501 Local Recebedor: 186231 Tipo de Movimentacão: 2 Data: Set  5 2012  8:49AM Justificativa:Documentos de Ingresso: TIPO DE DOC. INGRESSO: 000002930 NOTA FISCALEmpenho(s): EMPENHOS: Número: 808466 Data:Dez  2 2011 12:00AM;Em uso;EFETIVADO;;;;;;
UNB;110124_4373 - CENTRO DE EDUCAÇÃO À DISTÂNCIA/CEAD_133728;ALICE MELO RIBEIRO;235944;ESTABILIZADOR ELETRONICO;Bem MIGRADO do SIPAT: Registro: 235944 - Origem: FUBDados da última movimentação no SIPAT:Ano: 2005 Número: 6514 Matrícula Remetente:  Matrícula Recebedor: 613878 Local Remetente:  Local Recebedor: 133728 Tipo de Movimentacão: 1 Data:  Justificativa:Documentos de Ingresso: TIPO DE DOC. INGRESSO: 15992 NOTA FISCALEmpenho(s): EMPENHOS: Número: 903615 Data:Jun 21 2005 12:00AM;Em uso;ACAUTELADO;BERNARDO KIPNIS;;;;;
UNB;110124_4373 - CENTRO DE EDUCAÇÃO À DISTÂNCIA/CEAD_133728;ALICE MELO RIBEIRO;235947;ESTABILIZADOR ELETRONICO;Bem MIGRADO do SIPAT: Registro: 235947 - Origem: FUBDados da última movimentação no SIPAT:Ano: 2005 Número: 6514 Matrícula Remetente:  Matrícula Recebedor: 613878 Local Remetente:  Local Recebedor: 133728 Tipo de Movimentacão: 1 Data:  Justificativa:Documentos de Ingresso: TIPO DE DOC. INGRESSO: 15992 NOTA FISCALEmpenho(s): EMPENHOS: Número: 903615 Data:Jun 21 2005 12:00AM;Em uso;ACAUTELADO;BERNARDO KIPNIS;;;;;
UNB;110124_4373 - CENTRO DE EDUCAÇÃO À DISTÂNCIA/CEAD_133728;ALICE MELO RIBEIRO;235950;ESTABILIZADOR ELETRONICO;Bem MIGRADO do SIPAT: Registro: 235950 - Origem: FUBDados da última movimentação no SIPAT:Ano: 2005 Número: 6514 Matrícula Remetente:  Matrícula Recebedor: 613878 Local Remetente:  Local Recebedor: 133728 Tipo de Movimentacão: 1 Data:  Justificativa:Documentos de Ingresso: TIPO DE DOC. INGRESSO: 15992 NOTA FISCALEmpenho(s): EMPENHOS: Número: 903615 Data:Jun 21 2005 12:00AM;Em uso;ACAUTELADO;BERNARDO KIPNIS;;;;;
UNB;110124_4373 - CENTRO DE EDUCAÇÃO À DISTÂNCIA/CEAD_133728;ALICE MELO RIBEIRO;235953;ESTABILIZADOR ELETRONICO;Bem MIGRADO do SIPAT: Registro: 235953 - Origem: FUBDados da última movimentação no SIPAT:Ano: 2005 Número: 6514 Matrícula Remetente:  Matrícula Recebedor: 613878 Local Remetente:  Local Recebedor: 133728 Tipo de Movimentacão: 1 Data:  Justificativa:Documentos de Ingresso: TIPO DE DOC. INGRESSO: 15992 NOTA FISCALEmpenho(s): EMPENHOS: Número: 903615 Data:Jun 21 2005 12:00AM;Em uso;ACAUTELADO;BERNARDO KIPNIS;;;;;
UNB;110124_4373 - CENTRO DE EDUCAÇÃO À DISTÂNCIA/CEAD_133728;ALICE MELO RIBEIRO;235923;ESTABILIZADOR ELETRONICO;Bem MIGRADO do SIPAT: Registro: 235923 - Origem: FUBDados da última movimentação no SIPAT:Ano: 2005 Número: 6514 Matrícula Remetente:  Matrícula Recebedor: 613878 Local Remetente:  Local Recebedor: 133728 Tipo de Movimentacão: 1 Data:  Justificativa:Documentos de Ingresso: TIPO DE DOC. INGRESSO: 15992 NOTA FISCALEmpenho(s): EMPENHOS: Número: 903615 Data:Jun 21 2005 12:00AM;Em uso;ACAUTELADO;BERNARDO KIPNIS;;;;;
UNB;110124_4373 - CENTRO DE EDUCAÇÃO À DISTÂNCIA/CEAD_133728;ALICE MELO RIBEIRO;235952;ESTABILIZADOR ELETRONICO;Bem MIGRADO do SIPAT: Registro: 235952 - Origem: FUBDados da última movimentação no SIPAT:Ano: 2005 Número: 6514 Matrícula Remetente:  Matrícula Recebedor: 613878 Local Remetente:  Local Recebedor: 133728 Tipo de Movimentacão: 1 Data:  Justificativa:Documentos de Ingresso: TIPO DE DOC. INGRESSO: 15992 NOTA FISCALEmpenho(s): EMPENHOS: Número: 903615 Data:Jun 21 2005 12:00AM;Em uso;ACAUTELADO;BERNARDO KIPNIS;;;;;
UNB;110124_4373 - CENTRO DE EDUCAÇÃO À DISTÂNCIA/CEAD_133728;ALICE MELO RIBEIRO;237242;ESTABILIZADOR ELETRONICO;Bem MIGRADO do SIPAT: Registro: 237242 - Origem: FUBDados da última movimentação no SIPAT:Ano: 2005 Número: 436 Matrícula Remetente:  Matrícula Recebedor: 613878 Local Remetente:  Local Recebedor: 133728 Tipo de Movimentacão: 1 Data:  Justificativa:Documentos de Ingresso: TIPO DE DOC. INGRESSO: 15837 NOTA FISCAL | 15838 NOTA FISCALEmpenho(s): EMPENHOS: Número: 2844 Data:Dez 28 2004 12:00AM;Em uso;ACAUTELADO;BERNARDO KIPNIS;;;;;
UNB;110124_4380 - COORD.DO CURSO DE MÚSICA-MUS/CEAD_186231;ALICE MELO RIBEIRO;323651;ESTABILIZADOR ELETRONICO;Bem MIGRADO do SIPAT: Registro: 323651 - Origem: FUBDados da última movimentação no SIPAT:Ano: 2011 Número: 6857 Matrícula Remetente: 1039237 Matrícula Recebedor: 1044800 Local Remetente: 186231 Local Recebedor: 186231 Tipo de Movimentacão: 2 Data: Ago  1 2011  8:12AM Justificativa:Documentos de Ingresso: TIPO DE DOC. INGRESSO: 22516 NOTA FISCALEmpenho(s): EMPENHOS: Número: 915484 Data:Dez 11 2009 12:00AM;Em uso;EFETIVADO;;;;;;
UNB;110124_4375 - UNIVERSIDADE ABERTA DO BRASIL/CEAD_185501;ALICE MELO RIBEIRO;413669;ESTAÇÃO DE TRABALHO (MOBILIÁRIO);Bem MIGRADO do SIPAT: Registro: 413669 - Origem: FUBDados da última movimentação no SIPAT:Ano: 2014 Número: 4643 Matrícula Remetente:  Matrícula Recebedor: 1043391 Local Remetente:  Local Recebedor: 185501 Tipo de Movimentacão: 1 Data: Jun  3 2014 11:31AM Justificativa:Documentos de Ingresso: TIPO DE DOC. INGRESSO: 20355 NOTA FISCALEmpenho(s): EMPENHOS: Número: 806138 Data:Nov  5 2013 12:00AM;Em uso;EFETIVADO;;;;;;
UNB;110124_4385 - SALA DA ASSESSORIA DA UAB / CEAD;ALICE MELO RIBEIRO;413667;ESTAÇÃO DE TRABALHO (MOBILIÁRIO);Bem MIGRADO do SIPAT: Registro: 413667 - Origem: FUBDados da última movimentação no SIPAT:Ano: 2019 Número: 9434 Matrícula Remetente: 1094122 Matrícula Recebedor: 1116100 Local Remetente: 191739 Local Recebedor: 191754 Tipo de Movimentacão: 2 Data: Jul 30 2019  3:07PM Justificativa:Documentos de Ingresso: TIPO DE DOC. INGRESSO: 20355 NOTA FISCALEmpenho(s): EMPENHOS: Número: 806138 Data:Nov  5 2013 12:00AM;Em uso;EFETIVADO;;;;;;
UNB;110124_4392 - SALA DA COORD. PLANEJAMENTO E FINANANÇAS / CEAD;ALICE MELO RIBEIRO;401241;ESTAÇÃO DE TRABALHO (MOBILIÁRIO);Bem MIGRADO do SIPAT: Registro: 401241 - Origem: FUBDados da última movimentação no SIPAT:Ano: 2020 Número: 2296 Matrícula Remetente: 9992242 Matrícula Recebedor: 9992241 Local Remetente: 188228 Local Recebedor: 188229 Tipo de Movimentacão: 6 Data: Fev 28 2020  5:04PM Justificativa: devolução de bens do contrto 034/2019 CebraspeDocumentos de Ingresso: TIPO DE DOC. INGRESSO: 1610 NOTA FISCALEmpenho(s): EMPENHOS: Número: 802516 Data:Set 13 2013 12:00AM;Em uso;ACAUTELADO;BRENO MESQUITA DA SILVA;;;;;
UNB;110124_4394 - SALA COORDENAÇÃO ACADÊMICA / CEAD;ALICE MELO RIBEIRO;401234;ESTAÇÃO DE TRABALHO (MOBILIÁRIO);Bem MIGRADO do SIPAT: Registro: 401234 - Origem: FUBDados da última movimentação no SIPAT:Ano: 2020 Número: 2056 Matrícula Remetente: 9992242 Matrícula Recebedor: 9992241 Local Remetente: 188228 Local Recebedor: 188229 Tipo de Movimentacão: 6 Data: Fev 20 2020 10:59AM Justificativa: Devolução de bens do contrato 034/2019 CenbraspeDocumentos de Ingresso: TIPO DE DOC. INGRESSO: 1610 NOTA FISCALEmpenho(s): EMPENHOS: Número: 802516 Data:Set 13 2013 12:00AM;Em uso;EFETIVADO;;;;;;
UNB;110124_4394 - SALA COORDENAÇÃO ACADÊMICA / CEAD;ALICE MELO RIBEIRO;401240;ESTAÇÃO DE TRABALHO (MOBILIÁRIO);Bem MIGRADO do SIPAT: Registro: 401240 - Origem: FUBDados da última movimentação no SIPAT:Ano: 2020 Número: 1730 Matrícula Remetente: 9992242 Matrícula Recebedor: 9992241 Local Remetente: 188228 Local Recebedor: 188229 Tipo de Movimentacão: 6 Data: Fev 20 2020 10:59AM Justificativa: Devolução de bens no âmbito do contrato 034/2019 CebraspeDocumentos de Ingresso: TIPO DE DOC. INGRESSO: 1610 NOTA FISCALEmpenho(s): EMPENHOS: Número: 802516 Data:Set 13 2013 12:00AM;Em uso;EFETIVADO;;;;;;
UNB;110124_4393 - SALA CTIC / CEAD;ALICE MELO RIBEIRO;401213;ESTAÇÃO DE TRABALHO (MOBILIÁRIO);Bem MIGRADO do SIPAT: Registro: 401213 - Origem: FUBDados da última movimentação no SIPAT:Ano: 2020 Número: 2056 Matrícula Remetente: 9992242 Matrícula Recebedor: 9992241 Local Remetente: 188228 Local Recebedor: 188229 Tipo de Movimentacão: 6 Data: Fev 20 2020 10:59AM Justificativa: Devolução de bens do contrato 034/2019 CenbraspeDocumentos de Ingresso: TIPO DE DOC. INGRESSO: 1610 NOTA FISCALEmpenho(s): EMPENHOS: Número: 802516 Data:Set 13 2013 12:00AM;Em uso;ACAUTELADO;SEBASTIAO HENRIQUE DE BRITTO LOPES;;;;;
UNB;110124_4393 - SALA CTIC / CEAD;ALICE MELO RIBEIRO;401242;ESTAÇÃO DE TRABALHO (MOBILIÁRIO);Bem MIGRADO do SIPAT: Registro: 401242 - Origem: FUBDados da última movimentação no SIPAT:Ano: 2020 Número: 1730 Matrícula Remetente: 9992242 Matrícula Recebedor: 9992241 Local Remetente: 188228 Local Recebedor: 188229 Tipo de Movimentacão: 6 Data: Fev 20 2020 10:59AM Justificativa: Devolução de bens no âmbito do contrato 034/2019 CebraspeDocumentos de Ingresso: TIPO DE DOC. INGRESSO: 1610 NOTA FISCALEmpenho(s): EMPENHOS: Número: 802516 Data:Set 13 2013 12:00AM;Em uso;ACAUTELADO;SEBASTIAO HENRIQUE DE BRITTO LOPES;;;;;
UNB;110124_4393 - SALA CTIC / CEAD;ALICE MELO RIBEIRO;2022003365;ESTAÇÃO; TRABALHO;MARELLI;Em uso;ACAUTELADO;;;;;
UNB;110124_4373 - CENTRO DE EDUCAÇÃO À DISTÂNCIA/CEAD_133728;ALICE MELO RIBEIRO;235589;ESTANTE DE AÇO;Bem MIGRADO do SIPAT: Registro: 235589 - Origem: FUBDados da última movimentação no SIPAT:Ano: 2005 Número: 6132 Matrícula Remetente:  Matrícula Recebedor: 613878 Local Remetente:  Local Recebedor: 133728 Tipo de Movimentacão: 1 Data:  Justificativa:Documentos de Ingresso: TIPO DE DOC. INGRESSO: 1446 NOTA FISCALEmpenho(s): EMPENHOS: Número: 903913 Data:Jun 30 2005 12:00AM;Em uso;ACAUTELADO;BERNARDO KIPNIS;;;;;
UNB;110124_4373 - CENTRO DE EDUCAÇÃO À DISTÂNCIA/CEAD_133728;ALICE MELO RIBEIRO;235592;ESTANTE DE AÇO;Bem MIGRADO do SIPAT: Registro: 235592 - Origem: FUBDados da última movimentação no SIPAT:Ano: 2005 Número: 6132 Matrícula Remetente:  Matrícula Recebedor: 613878 Local Remetente:  Local Recebedor: 133728 Tipo de Movimentacão: 1 Data:  Justificativa:Documentos de Ingresso: TIPO DE DOC. INGRESSO: 1446 NOTA FISCALEmpenho(s): EMPENHOS: Número: 903913 Data:Jun 30 2005 12:00AM;Em uso;ACAUTELADO;BERNARDO KIPNIS;;;;;
UNB;110124_4373 - CENTRO DE EDUCAÇÃO À DISTÂNCIA/CEAD_133728;ALICE MELO RIBEIRO;235595;ESTANTE DE AÇO;Bem MIGRADO do SIPAT: Registro: 235595 - Origem: FUBDados da última movimentação no SIPAT:Ano: 2005 Número: 6132 Matrícula Remetente:  Matrícula Recebedor: 613878 Local Remetente:  Local Recebedor: 133728 Tipo de Movimentacão: 1 Data:  Justificativa:Documentos de Ingresso: TIPO DE DOC. INGRESSO: 1446 NOTA FISCALEmpenho(s): EMPENHOS: Número: 903913 Data:Jun 30 2005 12:00AM;Em uso;ACAUTELADO;BERNARDO KIPNIS;;;;;
UNB;110124_4373 - CENTRO DE EDUCAÇÃO À DISTÂNCIA/CEAD_133728;ALICE MELO RIBEIRO;235596;ESTANTE DE AÇO;Bem MIGRADO do SIPAT: Registro: 235596 - Origem: FUBDados da última movimentação no SIPAT:Ano: 2005 Número: 6132 Matrícula Remetente:  Matrícula Recebedor: 613878 Local Remetente:  Local Recebedor: 133728 Tipo de Movimentacão: 1 Data:  Justificativa:Documentos de Ingresso: TIPO DE DOC. INGRESSO: 1446 NOTA FISCALEmpenho(s): EMPENHOS: Número: 903913 Data:Jun 30 2005 12:00AM;Em uso;ACAUTELADO;BERNARDO KIPNIS;;;;;
UNB;110124_4373 - CENTRO DE EDUCAÇÃO À DISTÂNCIA/CEAD_133728;ALICE MELO RIBEIRO;235590;ESTANTE DE AÇO;Bem MIGRADO do SIPAT: Registro: 235590 - Origem: FUBDados da última movimentação no SIPAT:Ano: 2005 Número: 6132 Matrícula Remetente:  Matrícula Recebedor: 613878 Local Remetente:  Local Recebedor: 133728 Tipo de Movimentacão: 1 Data:  Justificativa:Documentos de Ingresso: TIPO DE DOC. INGRESSO: 1446 NOTA FISCALEmpenho(s): EMPENHOS: Número: 903913 Data:Jun 30 2005 12:00AM;Em uso;ACAUTELADO;BERNARDO KIPNIS;;;;;
UNB;110124_4384 - SALA DA DIREÇÃO / CEAD;ALICE MELO RIBEIRO;404669;ESTANTE DE MADEIRA;Bem MIGRADO do SIPAT: Registro: 404669 - Origem: FUBDados da última movimentação no SIPAT:Ano: 2019 Número: 6667 Matrícula Remetente: 1036581 Matrícula Recebedor: 1094122 Local Remetente: 185143 Local Recebedor: 191739 Tipo de Movimentacão: 2 Data: Jun 27 2019  1:39PM Justificativa:Documentos de Ingresso: TIPO DE DOC. INGRESSO: 14 ATO REITORIAEmpenho(s):;Em uso;EFETIVADO;;;;;;
UNB;110124_4396 - SALA ESTÚDIO DE GRAVAÇÃO / CEAD;ALICE MELO RIBEIRO;349629;FLASH;Bem MIGRADO do SIPAT: Registro: 349629 - Origem: FUBDados da última movimentação no SIPAT:Ano: 2019 Número: 9946 Matrícula Remetente: 1094122 Matrícula Recebedor: 1116100 Local Remetente: 191469 Local Recebedor: 191754 Tipo de Movimentacão: 2 Data: Ago  5 2019 12:09PM Justificativa:Documentos de Ingresso: TIPO DE DOC. INGRESSO: 766 NOTA FISCALEmpenho(s): EMPENHOS: Número: 805066 Data:Nov  5 2018 12:00AM;Em uso;EFETIVADO;;;;;;
UNB;110124_4396 - SALA ESTÚDIO DE GRAVAÇÃO / CEAD;ALICE MELO RIBEIRO;349628;FLASH;Bem MIGRADO do SIPAT: Registro: 349628 - Origem: FUBDados da última movimentação no SIPAT:Ano: 2019 Número: 9950 Matrícula Remetente: 1094122 Matrícula Recebedor: 1123220 Local Remetente: 191469 Local Recebedor: 191753 Tipo de Movimentacão: 2 Data: Ago  5 2019 12:09PM Justificativa:Documentos de Ingresso: TIPO DE DOC. INGRESSO: 766 NOTA FISCALEmpenho(s): EMPENHOS: Número: 805066 Data:Nov  5 2018 12:00AM;Em uso;EFETIVADO;;;;;;
UNB;110124_4375 - UNIVERSIDADE ABERTA DO BRASIL/CEAD_185501;ALICE MELO RIBEIRO;321855;FONE DE OUVIDO;Bem MIGRADO do SIPAT: Registro: 321855 - Origem: FUBDados da última movimentação no SIPAT:Ano: 2013 Número: 427 Matrícula Remetente: 1042459 Matrícula Recebedor: 713546 Local Remetente: 185501 Local Recebedor: 185501 Tipo de Movimentacão: 2 Data: Fev  6 2013 11:03AM Justificativa:Documentos de Ingresso: TIPO DE DOC. INGRESSO: 354 NOTA FISCALEmpenho(s): EMPENHOS: Número: 916064 Data:Dez 17 2009 12:00AM;Em uso;ACAUTELADO;RUI SEIMETZ;;;;;
UNB;110124_4380 - COORD.DO CURSO DE MÚSICA-MUS/CEAD_186231;ALICE MELO RIBEIRO;321854;FONE DE OUVIDO;Bem MIGRADO do SIPAT: Registro: 321854 - Origem: FUBDados da última movimentação no SIPAT:Ano: 2011 Número: 6854 Matrícula Remetente: 1039237 Matrícula Recebedor: 1044800 Local Remetente: 186231 Local Recebedor: 186231 Tipo de Movimentacão: 2 Data: Ago  1 2011  8:12AM Justificativa:Documentos de Ingresso: TIPO DE DOC. INGRESSO: 354 NOTA FISCALEmpenho(s): EMPENHOS: Número: 916064 Data:Dez 17 2009 12:00AM;Em uso;EFETIVADO;;;;;;
UNB;110124_4390 - COPA / CEAD;ALICE MELO RIBEIRO;391055;FORNO DE MICROONDAS;Bem MIGRADO do SIPAT: Registro: 391055 - Origem: PESFISDados da última movimentação no SIPAT:Ano: 2019 Número: 6699 Matrícula Remetente: 1036581 Matrícula Recebedor: 1094122 Local Remetente: 185143 Local Recebedor: 191745 Tipo de Movimentacão: 2 Data: Jun 27 2019  1:39PM Justificativa:Documentos de Ingresso: Empenho(s):;Em uso;EFETIVADO;;;;;;
UNB;110124_4392 - SALA DA COORD. PLANEJAMENTO E FINANANÇAS / CEAD;ALICE MELO RIBEIRO;2022003364;FRAGMENTADORA; PAPEL;-FRAGMENTADORA -MODELO: 2600 CC4-N/S: 290144124-PATRIMÔNIO ANTERIOR: 307351;PRIMO;Em uso;;;;;
UNB;110124_4398 - SALA ILHA DE EDIÇÃO / CEAD;ALICE MELO RIBEIRO;353360;GAVETA EXTERNA P/HD;Bem MIGRADO do SIPAT: Registro: 353360 - Origem: FUBDados da última movimentação no SIPAT:Ano: 2019 Número: 11129 Matrícula Remetente: 713546 Matrícula Recebedor: 1043633 Local Remetente: 185501 Local Recebedor: 191748 Tipo de Movimentacão: 2 Data: Ago 20 2019  1:09PM Justificativa:Documentos de Ingresso: TIPO DE DOC. INGRESSO: 1465 NOTA FISCALEmpenho(s): EMPENHOS: Número: 908661 Data:Dez 10 2010 12:00AM;Em uso;EFETIVADO;;;;;;
UNB;110124_4394 - SALA COORDENAÇÃO ACADÊMICA / CEAD;ALICE MELO RIBEIRO;395615;GAVETEIRO MOVEL;Bem MIGRADO do SIPAT: Registro: 395615 - Origem: FUBDados da última movimentação no SIPAT:Ano: 2020 Número: 2046 Matrícula Remetente: 9992242 Matrícula Recebedor: 9992241 Local Remetente: 188228 Local Recebedor: 188229 Tipo de Movimentacão: 6 Data: Fev 20 2020 10:57AM Justificativa: Devolução de bens docontrato 034/2019 CebraspeDocumentos de Ingresso: TIPO DE DOC. INGRESSO: 1558 NOTA FISCALEmpenho(s): EMPENHOS: Número: 802057 Data:Jul 31 2013 12:00AM;Em uso;EFETIVADO;;;;;;
UNB;110124_4394 - SALA COORDENAÇÃO ACADÊMICA / CEAD;ALICE MELO RIBEIRO;329822;GAVETEIRO MOVEL;Bem MIGRADO do SIPAT: Registro: 329822 - Origem: FUBDados da última movimentação no SIPAT:Ano: 2020 Número: 2296 Matrícula Remetente: 9992242 Matrícula Recebedor: 9992241 Local Remetente: 188228 Local Recebedor: 188229 Tipo de Movimentacão: 6 Data: Fev 28 2020  5:04PM Justificativa: devolução de bens do contrto 034/2019 CebraspeDocumentos de Ingresso: TIPO DE DOC. INGRESSO: 983 NOTA FISCALEmpenho(s): EMPENHOS: Número: 903357 Data:Out  1 2009 12:00AM;Em uso;ACAUTELADO;NATTACHA LIDIANY FERNANDES DOS SANTOS;;;;;
UNB;110124_4392 - SALA DA COORD. PLANEJAMENTO E FINANANÇAS / CEAD;ALICE MELO RIBEIRO;332910;GAVETEIRO MOVEL;Bem MIGRADO do SIPAT: Registro: 332910 - Origem: FUBDados da última movimentação no SIPAT:Ano: 2020 Número: 2133 Matrícula Remetente: 9992242 Matrícula Recebedor: 9992241 Local Remetente: 188228 Local Recebedor: 188229 Tipo de Movimentacão: 6 Data: Fev 26 2020  5:27PM Justificativa: Devvolução de bens do contrato 034/2019 CebraspeDocumentos de Ingresso: TIPO DE DOC. INGRESSO: 521 NOTA FISCALEmpenho(s): EMPENHOS: Número: 902037 Data:Jul 18 2009 12:00AM;Em uso;ACAUTELADO;BRENO MESQUITA DA SILVA;;;;;
UNB;110124_4391 - SALA DA SECRETARIA / CEAD;ALICE MELO RIBEIRO;348177;GAVETEIRO MOVEL;Bem MIGRADO do SIPAT: Registro: 348177 - Origem: FUBDados da última movimentação no SIPAT:Ano: 2020 Número: 2296 Matrícula Remetente: 9992242 Matrícula Recebedor: 9992241 Local Remetente: 188228 Local Recebedor: 188229 Tipo de Movimentacão: 6 Data: Fev 28 2020  5:04PM Justificativa: devolução de bens do contrto 034/2019 CebraspeDocumentos de Ingresso: TIPO DE DOC. INGRESSO: 132 NOTA FISCALEmpenho(s): EMPENHOS: Número: 903295 Data:Jul  8 2010 12:00AM;Em uso;ACAUTELADO;;;;;;
UNB;110124_4394 - SALA COORDENAÇÃO ACADÊMICA / CEAD;ALICE MELO RIBEIRO;395626;GAVETEIRO MOVEL;Bem MIGRADO do SIPAT: Registro: 395626 - Origem: FUBDados da última movimentação no SIPAT:Ano: 2020 Número: 1742 Matrícula Remetente: 9992242 Matrícula Recebedor: 9992241 Local Remetente: 188228 Local Recebedor: 188229 Tipo de Movimentacão: 6 Data: Fev 20 2020 10:54AM Justificativa: dwevolução de bens no âmbito do contrato 034/2019 CebraspeDocumentos de Ingresso: TIPO DE DOC. INGRESSO: 1558 NOTA FISCALEmpenho(s): EMPENHOS: Número: 802057 Data:Jul 31 2013 12:00AM;Em uso;ACAUTELADO;BRUNA EVELIN SOUZA FILGUEIRAS;;;;;
UNB;110124_4394 - SALA COORDENAÇÃO ACADÊMICA / CEAD;ALICE MELO RIBEIRO;401291;GAVETEIRO MOVEL;Bem MIGRADO do SIPAT: Registro: 401291 - Origem: FUBDados da última movimentação no SIPAT:Ano: 2020 Número: 2133 Matrícula Remetente: 9992242 Matrícula Recebedor: 9992241 Local Remetente: 188228 Local Recebedor: 188229 Tipo de Movimentacão: 6 Data: Fev 26 2020  5:27PM Justificativa: Devvolução de bens do contrato 034/2019 CebraspeDocumentos de Ingresso: TIPO DE DOC. INGRESSO: 1610 NOTA FISCALEmpenho(s): EMPENHOS: Número: 802516 Data:Set 13 2013 12:00AM;Em uso;EFETIVADO;;;;;;
UNB;110124_4387 - RECEPÇÃO / CEAD;ALICE MELO RIBEIRO;469731;GAVETEIRO MOVEL;Bem MIGRADO do SIPAT: Registro: 469731 - Origem: FUBDados da última movimentação no SIPAT:Ano: 2019 Número: 10415 Matrícula Remetente: 1094122 Matrícula Recebedor: 1120450 Local Remetente: 191739 Local Recebedor: 191747 Tipo de Movimentacão: 2 Data: Ago  9 2019  4:46PM Justificativa:Documentos de Ingresso: TIPO DE DOC. INGRESSO: 86.756 NOTA FISCALEmpenho(s): EMPENHOS: Número: 801115 Data:Abr 18 2019 12:00AM;Em uso;EFETIVADO;;;;;;
UNB;110124_4385 - SALA DA ASSESSORIA DA UAB / CEAD;ALICE MELO RIBEIRO;469725;GAVETEIRO MOVEL;Bem MIGRADO do SIPAT: Registro: 469725 - Origem: FUBDados da última movimentação no SIPAT:Ano: 2019 Número: 10415 Matrícula Remetente: 1094122 Matrícula Recebedor: 1120450 Local Remetente: 191739 Local Recebedor: 191747 Tipo de Movimentacão: 2 Data: Ago  9 2019  4:46PM Justificativa:Documentos de Ingresso: TIPO DE DOC. INGRESSO: 86.756 NOTA FISCALEmpenho(s): EMPENHOS: Número: 801115 Data:Abr 18 2019 12:00AM;Em uso;EFETIVADO;;;;;;
UNB;110124_4396 - SALA ESTÚDIO DE GRAVAÇÃO / CEAD;ALICE MELO RIBEIRO;469730;GAVETEIRO MOVEL;Bem MIGRADO do SIPAT: Registro: 469730 - Origem: FUBDados da última movimentação no SIPAT:Ano: 2019 Número: 9484 Matrícula Remetente: 1094122 Matrícula Recebedor: 1123220 Local Remetente: 191739 Local Recebedor: 191753 Tipo de Movimentacão: 2 Data: Jul 30 2019  3:02PM Justificativa:Documentos de Ingresso: TIPO DE DOC. INGRESSO: 86.756 NOTA FISCALEmpenho(s): EMPENHOS: Número: 801115 Data:Abr 18 2019 12:00AM;Em uso;EFETIVADO;;;;;;
UNB;110124_4385 - SALA DA ASSESSORIA DA UAB / CEAD;ALICE MELO RIBEIRO;469723;GAVETEIRO MOVEL;Bem MIGRADO do SIPAT: Registro: 469723 - Origem: FUBDados da última movimentação no SIPAT:Ano: 2019 Número: 13812 Matrícula Remetente: 1106775 Matrícula Recebedor: 1120450 Local Remetente: 191747 Local Recebedor: 191747 Tipo de Movimentacão: 3 Data: Set 26 2019  2:56PM Justificativa: Processo n. 23106.120919/2019-54Documentos de Ingresso: TIPO DE DOC. INGRESSO: 86.756 NOTA FISCALEmpenho(s): EMPENHOS: Número: 801115 Data:Abr 18 2019 12:00AM;Em uso;EFETIVADO;;;;;;
UNB;110124_4393 - SALA CTIC / CEAD;ALICE MELO RIBEIRO;329823;GAVETEIRO MOVEL;Bem MIGRADO do SIPAT: Registro: 329823 - Origem: FUBDados da última movimentação no SIPAT:Ano: 2020 Número: 2296 Matrícula Remetente: 9992242 Matrícula Recebedor: 9992241 Local Remetente: 188228 Local Recebedor: 188229 Tipo de Movimentacão: 6 Data: Fev 28 2020  5:04PM Justificativa: devolução de bens do contrto 034/2019 CebraspeDocumentos de Ingresso: TIPO DE DOC. INGRESSO: 983 NOTA FISCALEmpenho(s): EMPENHOS: Número: 903357 Data:Out  1 2009 12:00AM;Em uso;ACAUTELADO;SEBASTIAO HENRIQUE DE BRITTO LOPES;;;;;
UNB;110124_4393 - SALA CTIC / CEAD;ALICE MELO RIBEIRO;395622;GAVETEIRO MOVEL;Bem MIGRADO do SIPAT: Registro: 395622 - Origem: FUBDados da última movimentação no SIPAT:Ano: 2020 Número: 1853 Matrícula Remetente: 9992242 Matrícula Recebedor: 9992241 Local Remetente: 188228 Local Recebedor: 188229 Tipo de Movimentacão: 6 Data: Fev 20 2020 10:55AM Justificativa: Devolução de bens no âmbito docontrato 043/2019 CebraspeDocumentos de Ingresso: TIPO DE DOC. INGRESSO: 1558 NOTA FISCALEmpenho(s): EMPENHOS: Número: 802057 Data:Jul 31 2013 12:00AM;Em uso;ACAUTELADO;SEBASTIAO HENRIQUE DE BRITTO LOPES;;;;;
UNB;110124_4394 - SALA COORDENAÇÃO ACADÊMICA / CEAD;ALICE MELO RIBEIRO;395628;GAVETEIRO MOVEL;Bem MIGRADO do SIPAT: Registro: 395628 - Origem: FUBDados da última movimentação no SIPAT:Ano: 2020 Número: 1700 Matrícula Remetente: 9992242 Matrícula Recebedor: 9992241 Local Remetente: 188228 Local Recebedor: 188229 Tipo de Movimentacão: 6 Data: Fev 19 2020  5:13PM Justificativa: Processo SEI 23106.159132/2019-82Documentos de Ingresso: TIPO DE DOC. INGRESSO: 1558 NOTA FISCALEmpenho(s): EMPENHOS: Número: 802057 Data:Jul 31 2013 12:00AM;Em uso;ACAUTELADO;LETICIA DA CRUZ SOUZA FLORES;;;;;
UNB;110124_4394 - SALA COORDENAÇÃO ACADÊMICA / CEAD;ALICE MELO RIBEIRO;401287;GAVETEIRO MOVEL;Bem MIGRADO do SIPAT: Registro: 401287 - Origem: FUBDados da última movimentação no SIPAT:Ano: 2020 Número: 2133 Matrícula Remetente: 9992242 Matrícula Recebedor: 9992241 Local Remetente: 188228 Local Recebedor: 188229 Tipo de Movimentacão: 6 Data: Fev 26 2020  5:27PM Justificativa: Devvolução de bens do contrato 034/2019 CebraspeDocumentos de Ingresso: TIPO DE DOC. INGRESSO: 1610 NOTA FISCALEmpenho(s): EMPENHOS: Número: 802516 Data:Set 13 2013 12:00AM;Em uso;EFETIVADO;;;;;;
UNB;110124_4393 - SALA CTIC / CEAD;ALICE MELO RIBEIRO;401290;GAVETEIRO MOVEL;Bem MIGRADO do SIPAT: Registro: 401290 - Origem: FUBDados da última movimentação no SIPAT:Ano: 2020 Número: 2133 Matrícula Remetente: 9992242 Matrícula Recebedor: 9992241 Local Remetente: 188228 Local Recebedor: 188229 Tipo de Movimentacão: 6 Data: Fev 26 2020  5:27PM Justificativa: Devvolução de bens do contrato 034/2019 CebraspeDocumentos de Ingresso: TIPO DE DOC. INGRESSO: 1610 NOTA FISCALEmpenho(s): EMPENHOS: Número: 802516 Data:Set 13 2013 12:00AM;Em uso;ACAUTELADO;SEBASTIAO HENRIQUE DE BRITTO LOPES;;;;;
UNB;110124_4393 - SALA CTIC / CEAD;ALICE MELO RIBEIRO;401310;GAVETEIRO MOVEL;Bem MIGRADO do SIPAT: Registro: 401310 - Origem: FUBDados da última movimentação no SIPAT:Ano: 2020 Número: 1700 Matrícula Remetente: 9992242 Matrícula Recebedor: 9992241 Local Remetente: 188228 Local Recebedor: 188229 Tipo de Movimentacão: 6 Data: Fev 19 2020  5:13PM Justificativa: Processo SEI 23106.159132/2019-82Documentos de Ingresso: TIPO DE DOC. INGRESSO: 1610 NOTA FISCALEmpenho(s): EMPENHOS: Número: 802516 Data:Set 13 2013 12:00AM;Em uso;ACAUTELADO;SEBASTIAO HENRIQUE DE BRITTO LOPES;;;;;
UNB;110124_4393 - SALA CTIC / CEAD;ALICE MELO RIBEIRO;348201;GAVETEIRO MOVEL;Bem MIGRADO do SIPAT: Registro: 348201 - Origem: FUBDados da última movimentação no SIPAT:Ano: 2020 Número: 2133 Matrícula Remetente: 9992242 Matrícula Recebedor: 9992241 Local Remetente: 188228 Local Recebedor: 188229 Tipo de Movimentacão: 6 Data: Fev 26 2020  5:27PM Justificativa: Devvolução de bens do contrato 034/2019 CebraspeDocumentos de Ingresso: TIPO DE DOC. INGRESSO: 132 NOTA FISCALEmpenho(s): EMPENHOS: Número: 903295 Data:Jul  8 2010 12:00AM;Em uso;ACAUTELADO;SEBASTIAO HENRIQUE DE BRITTO LOPES;;;;;
UNB;110124_4393 - SALA CTIC / CEAD;ALICE MELO RIBEIRO;395631;GAVETEIRO MOVEL;Bem MIGRADO do SIPAT: Registro: 395631 - Origem: FUBDados da última movimentação no SIPAT:Ano: 2020 Número: 1853 Matrícula Remetente: 9992242 Matrícula Recebedor: 9992241 Local Remetente: 188228 Local Recebedor: 188229 Tipo de Movimentacão: 6 Data: Fev 20 2020 10:55AM Justificativa: Devolução de bens no âmbito docontrato 043/2019 CebraspeDocumentos de Ingresso: TIPO DE DOC. INGRESSO: 1558 NOTA FISCALEmpenho(s): EMPENHOS: Número: 802057 Data:Jul 31 2013 12:00AM;Em uso;ACAUTELADO;SEBASTIAO HENRIQUE DE BRITTO LOPES;;;;;
UNB;110124_4393 - SALA CTIC / CEAD;ALICE MELO RIBEIRO;401299;GAVETEIRO MOVEL;Bem MIGRADO do SIPAT: Registro: 401299 - Origem: FUBDados da última movimentação no SIPAT:Ano: 2020 Número: 1742 Matrícula Remetente: 9992242 Matrícula Recebedor: 9992241 Local Remetente: 188228 Local Recebedor: 188229 Tipo de Movimentacão: 6 Data: Fev 20 2020 10:54AM Justificativa: dwevolução de bens no âmbito do contrato 034/2019 CebraspeDocumentos de Ingresso: TIPO DE DOC. INGRESSO: 1610 NOTA FISCALEmpenho(s): EMPENHOS: Número: 802516 Data:Set 13 2013 12:00AM;Em uso;ACAUTELADO;SEBASTIAO HENRIQUE DE BRITTO LOPES;;;;;
UNB;110124_4393 - SALA CTIC / CEAD;ALICE MELO RIBEIRO;401302;GAVETEIRO MOVEL;Bem MIGRADO do SIPAT: Registro: 401302 - Origem: FUBDados da última movimentação no SIPAT:Ano: 2020 Número: 2046 Matrícula Remetente: 9992242 Matrícula Recebedor: 9992241 Local Remetente: 188228 Local Recebedor: 188229 Tipo de Movimentacão: 6 Data: Fev 20 2020 10:57AM Justificativa: Devolução de bens docontrato 034/2019 CebraspeDocumentos de Ingresso: TIPO DE DOC. INGRESSO: 1610 NOTA FISCALEmpenho(s): EMPENHOS: Número: 802516 Data:Set 13 2013 12:00AM;Em uso;ACAUTELADO;SEBASTIAO HENRIQUE DE BRITTO LOPES;;;;;
UNB;110124_4392 - SALA DA COORD. PLANEJAMENTO E FINANANÇAS / CEAD;ALICE MELO RIBEIRO;332941;GAVETEIRO MOVEL;Bem MIGRADO do SIPAT: Registro: 332941 - Origem: FUBDados da última movimentação no SIPAT:Ano: 2019 Número: 17967 Matrícula Remetente: 9992242 Matrícula Recebedor: 9992241 Local Remetente: 188228 Local Recebedor: 188229 Tipo de Movimentacão: 6 Data: Dez 11 2019  2:00PM Justificativa: Oficio cebraspe 3728 de 14.11.2019Documentos de Ingresso: TIPO DE DOC. INGRESSO: 756 NOTA FISCALEmpenho(s): EMPENHOS: Número: 904298 Data:Out 31 2008 12:00AM;Em uso;ACAUTELADO;MAGDA TEIXEIRA MARTINS;;;;;
UNB;110124_4391 - SALA DA SECRETARIA / CEAD;ALICE MELO RIBEIRO;348193;GAVETEIRO MOVEL;Bem MIGRADO do SIPAT: Registro: 348193 - Origem: FUBDados da última movimentação no SIPAT:Ano: 2020 Número: 2133 Matrícula Remetente: 9992242 Matrícula Recebedor: 9992241 Local Remetente: 188228 Local Recebedor: 188229 Tipo de Movimentacão: 6 Data: Fev 26 2020  5:27PM Justificativa: Devvolução de bens do contrato 034/2019 CebraspeDocumentos de Ingresso: TIPO DE DOC. INGRESSO: 132 NOTA FISCALEmpenho(s): EMPENHOS: Número: 903295 Data:Jul  8 2010 12:00AM;Em uso;ACAUTELADO;JANAINA RIBEIRO DE CARVALHO;;;;;
UNB;110124_4393 - SALA CTIC / CEAD;ALICE MELO RIBEIRO;348196;GAVETEIRO MOVEL;Bem MIGRADO do SIPAT: Registro: 348196 - Origem: FUBDados da última movimentação no SIPAT:Ano: 2020 Número: 2133 Matrícula Remetente: 9992242 Matrícula Recebedor: 9992241 Local Remetente: 188228 Local Recebedor: 188229 Tipo de Movimentacão: 6 Data: Fev 26 2020  5:27PM Justificativa: Devvolução de bens do contrato 034/2019 CebraspeDocumentos de Ingresso: TIPO DE DOC. INGRESSO: 132 NOTA FISCALEmpenho(s): EMPENHOS: Número: 903295 Data:Jul  8 2010 12:00AM;Em uso;EFETIVADO;;;;;;
UNB;110124_4393 - SALA CTIC / CEAD;ALICE MELO RIBEIRO;348199;GAVETEIRO MOVEL;Bem MIGRADO do SIPAT: Registro: 348199 - Origem: FUBDados da última movimentação no SIPAT:Ano: 2020 Número: 2133 Matrícula Remetente: 9992242 Matrícula Recebedor: 9992241 Local Remetente: 188228 Local Recebedor: 188229 Tipo de Movimentacão: 6 Data: Fev 26 2020  5:27PM Justificativa: Devvolução de bens do contrato 034/2019 CebraspeDocumentos de Ingresso: TIPO DE DOC. INGRESSO: 132 NOTA FISCALEmpenho(s): EMPENHOS: Número: 903295 Data:Jul  8 2010 12:00AM;Em uso;ACAUTELADO;SEBASTIAO HENRIQUE DE BRITTO LOPES;;;;;
UNB;110124_4398 - SALA ILHA DE EDIÇÃO / CEAD;ALICE MELO RIBEIRO;401272;GAVETEIRO MOVEL;Bem MIGRADO do SIPAT: Registro: 401272 - Origem: FUBDados da última movimentação no SIPAT:Ano: 2020 Número: 2046 Matrícula Remetente: 9992242 Matrícula Recebedor: 9992241 Local Remetente: 188228 Local Recebedor: 188229 Tipo de Movimentacão: 6 Data: Fev 20 2020 10:57AM Justificativa: Devolução de bens docontrato 034/2019 CebraspeDocumentos de Ingresso: TIPO DE DOC. INGRESSO: 1610 NOTA FISCALEmpenho(s): EMPENHOS: Número: 802516 Data:Set 13 2013 12:00AM;Em uso;ACAUTELADO;EDER DE SOUSA VASCONCELOS;;;;;
UNB;110124_4396 - SALA ESTÚDIO DE GRAVAÇÃO / CEAD;ALICE MELO RIBEIRO;469732;GAVETEIRO MOVEL;Bem MIGRADO do SIPAT: Registro: 469732 - Origem: FUBDados da última movimentação no SIPAT:Ano: 2019 Número: 9484 Matrícula Remetente: 1094122 Matrícula Recebedor: 1123220 Local Remetente: 191739 Local Recebedor: 191753 Tipo de Movimentacão: 2 Data: Jul 30 2019  3:02PM Justificativa:Documentos de Ingresso: TIPO DE DOC. INGRESSO: 86.756 NOTA FISCALEmpenho(s): EMPENHOS: Número: 801115 Data:Abr 18 2019 12:00AM;Em uso;EFETIVADO;;;;;;
UNB;;;469728;GAVETEIRO MOVEL;Bem MIGRADO do SIPAT: Registro: 469728 - Origem: FUBDados da última movimentação no SIPAT:Ano: 2020 Número: 4584 Matrícula Remetente: 1098462 Matrícula Recebedor: 1041321 Local Remetente: 191751 Local Recebedor: 191751 Tipo de Movimentacão: 3 Data: Nov 13 2020 11:24AM Justificativa:Documentos de Ingresso: TIPO DE DOC. INGRESSO: 86.756 NOTA FISCALEmpenho(s): EMPENHOS: Número: 801115 Data:Abr 18 2019 12:00AM;Em uso;EFETIVADO;;;;;;
UNB;110124_4396 - SALA ESTÚDIO DE GRAVAÇÃO / CEAD;ALICE MELO RIBEIRO;469733;GAVETEIRO MOVEL;Bem MIGRADO do SIPAT: Registro: 469733 - Origem: FUBDados da última movimentação no SIPAT:Ano: 2019 Número: 9484 Matrícula Remetente: 1094122 Matrícula Recebedor: 1123220 Local Remetente: 191739 Local Recebedor: 191753 Tipo de Movimentacão: 2 Data: Jul 30 2019  3:02PM Justificativa:Documentos de Ingresso: TIPO DE DOC. INGRESSO: 86.756 NOTA FISCALEmpenho(s): EMPENHOS: Número: 801115 Data:Abr 18 2019 12:00AM;Em uso;EFETIVADO;;;;;;
UNB;110124_4396 - SALA ESTÚDIO DE GRAVAÇÃO / CEAD;ALICE MELO RIBEIRO;367189;GAVETEIRO MOVEL;Bem MIGRADO do SIPAT: Registro: 367189 - Origem: FEPADDados da última movimentação no SIPAT:Ano: 2019 Número: 9429 Matrícula Remetente: 1107500 Matrícula Recebedor: 1116100 Local Remetente: 133728 Local Recebedor: 191754 Tipo de Movimentacão: 2 Data: Jul 30 2019  3:02PM Justificativa:Documentos de Ingresso: TIPO DE DOC. INGRESSO: 2404 NOTA FISCAL | 151 ATO DO DECANATO DE ADMINISTRAÇÃOEmpenho(s):;Em uso;ACAUTELADO;;;;;;
UNB;110124_4393 - SALA CTIC / CEAD;ALICE MELO RIBEIRO;401301;GAVETEIRO MOVEL;Bem MIGRADO do SIPAT: Registro: 401301 - Origem: FUBDados da última movimentação no SIPAT:Ano: 2019 Número: 15168 Matrícula Remetente: 1102125 Matrícula Recebedor: 1120026 Local Remetente: 187686 Local Recebedor: 187686 Tipo de Movimentacão: 2 Data: Out 21 2019  1:04PM Justificativa:Documentos de Ingresso: TIPO DE DOC. INGRESSO: 1610 NOTA FISCALEmpenho(s): EMPENHOS: Número: 802516 Data:Set 13 2013 12:00AM;Em uso;ACAUTELADO;SEBASTIAO HENRIQUE DE BRITTO LOPES;;;;;
UNB;110124_4391 - SALA DA SECRETARIA / CEAD;ALICE MELO RIBEIRO;348131;GAVETEIRO MOVEL;Bem MIGRADO do SIPAT: Registro: 348131 - Origem: FUBDados da última movimentação no SIPAT:Ano: 2020 Número: 2055 Matrícula Remetente: 9992242 Matrícula Recebedor: 9992241 Local Remetente: 188228 Local Recebedor: 188229 Tipo de Movimentacão: 6 Data: Fev 20 2020 10:58AM Justificativa: devolução de bens do contrato 034/2019-82Documentos de Ingresso: TIPO DE DOC. INGRESSO: 132 NOTA FISCALEmpenho(s): EMPENHOS: Número: 903295 Data:Jul  8 2010 12:00AM;Em uso;EFETIVADO;;;;;;
UNB;110124_4392 - SALA DA COORD. PLANEJAMENTO E FINANANÇAS / CEAD;ALICE MELO RIBEIRO;348195;GAVETEIRO MOVEL;Bem MIGRADO do SIPAT: Registro: 348195 - Origem: FUBDados da última movimentação no SIPAT:Ano: 2020 Número: 2133 Matrícula Remetente: 9992242 Matrícula Recebedor: 9992241 Local Remetente: 188228 Local Recebedor: 188229 Tipo de Movimentacão: 6 Data: Fev 26 2020  5:27PM Justificativa: Devvolução de bens do contrato 034/2019 CebraspeDocumentos de Ingresso: TIPO DE DOC. INGRESSO: 132 NOTA FISCALEmpenho(s): EMPENHOS: Número: 903295 Data:Jul  8 2010 12:00AM;Em uso;ACAUTELADO;BRENO MESQUITA DA SILVA;;;;;
UNB;110124_4392 - SALA DA COORD. PLANEJAMENTO E FINANANÇAS / CEAD;ALICE MELO RIBEIRO;395614;GAVETEIRO MOVEL;Bem MIGRADO do SIPAT: Registro: 395614 - Origem: FUBDados da última movimentação no SIPAT:Ano: 2020 Número: 2054 Matrícula Remetente: 9992242 Matrícula Recebedor: 9992241 Local Remetente: 188228 Local Recebedor: 188229 Tipo de Movimentacão: 6 Data: Fev 20 2020 10:58AM Justificativa: Devolução de bens do contrato 034/2019-82Documentos de Ingresso: TIPO DE DOC. INGRESSO: 1558 NOTA FISCALEmpenho(s): EMPENHOS: Número: 802057 Data:Jul 31 2013 12:00AM;Em uso;ACAUTELADO;BRENO MESQUITA DA SILVA;;;;;
UNB;110124_4392 - SALA DA COORD. PLANEJAMENTO E FINANANÇAS / CEAD;ALICE MELO RIBEIRO;411554;GAVETEIRO MOVEL;Bem MIGRADO do SIPAT: Registro: 411554 - Origem: FUBDados da última movimentação no SIPAT:Ano: 2019 Número: 17901 Matrícula Remetente: 9992242 Matrícula Recebedor: 9992241 Local Remetente: 188228 Local Recebedor: 188229 Tipo de Movimentacão: 6 Data: Dez 10 2019  3:38PM Justificativa: Oficio Cebraspe 3728/2019Documentos de Ingresso: TIPO DE DOC. INGRESSO: 132 NOTA FISCALEmpenho(s): EMPENHOS: Número: 903295 Data:Jul  8 2010 12:00AM;Em uso;ACAUTELADO;BRENO MESQUITA DA SILVA;;;;;
UNB;110124_4391 - SALA DA SECRETARIA / CEAD;ALICE MELO RIBEIRO;348173;GAVETEIRO MOVEL;Bem MIGRADO do SIPAT: Registro: 348173 - Origem: FUBDados da última movimentação no SIPAT:Ano: 2020 Número: 2055 Matrícula Remetente: 9992242 Matrícula Recebedor: 9992241 Local Remetente: 188228 Local Recebedor: 188229 Tipo de Movimentacão: 6 Data: Fev 20 2020 10:58AM Justificativa: devolução de bens do contrato 034/2019-82Documentos de Ingresso: TIPO DE DOC. INGRESSO: 132 NOTA FISCALEmpenho(s): EMPENHOS: Número: 903295 Data:Jul  8 2010 12:00AM;Em uso;ACAUTELADO;MARIA HELENA BAHIA BEZERRA;;;;;
UNB;110124_4392 - SALA DA COORD. PLANEJAMENTO E FINANANÇAS / CEAD;ALICE MELO RIBEIRO;348202;GAVETEIRO MOVEL;Bem MIGRADO do SIPAT: Registro: 348202 - Origem: FUBDados da última movimentação no SIPAT:Ano: 2020 Número: 2133 Matrícula Remetente: 9992242 Matrícula Recebedor: 9992241 Local Remetente: 188228 Local Recebedor: 188229 Tipo de Movimentacão: 6 Data: Fev 26 2020  5:27PM Justificativa: Devvolução de bens do contrato 034/2019 CebraspeDocumentos de Ingresso: TIPO DE DOC. INGRESSO: 132 NOTA FISCALEmpenho(s): EMPENHOS: Número: 903295 Data:Jul  8 2010 12:00AM;Em uso;ACAUTELADO;BRENO MESQUITA DA SILVA;;;;;
UNB;110124_4394 - SALA COORDENAÇÃO ACADÊMICA / CEAD;ALICE MELO RIBEIRO;401266;GAVETEIRO MOVEL;Bem MIGRADO do SIPAT: Registro: 401266 - Origem: FUBDados da última movimentação no SIPAT:Ano: 2020 Número: 2046 Matrícula Remetente: 9992242 Matrícula Recebedor: 9992241 Local Remetente: 188228 Local Recebedor: 188229 Tipo de Movimentacão: 6 Data: Fev 20 2020 10:57AM Justificativa: Devolução de bens docontrato 034/2019 CebraspeDocumentos de Ingresso: TIPO DE DOC. INGRESSO: 1610 NOTA FISCALEmpenho(s): EMPENHOS: Número: 802516 Data:Set 13 2013 12:00AM;Em uso;ACAUTELADO;;;;;;
UNB;110124_4393 - SALA CTIC / CEAD;ALICE MELO RIBEIRO;395635;GAVETEIRO MOVEL;Bem MIGRADO do SIPAT: Registro: 395635 - Origem: FUBDados da última movimentação no SIPAT:Ano: 2020 Número: 1742 Matrícula Remetente: 9992242 Matrícula Recebedor: 9992241 Local Remetente: 188228 Local Recebedor: 188229 Tipo de Movimentacão: 6 Data: Fev 20 2020 10:54AM Justificativa: dwevolução de bens no âmbito do contrato 034/2019 CebraspeDocumentos de Ingresso: TIPO DE DOC. INGRESSO: 1558 NOTA FISCALEmpenho(s): EMPENHOS: Número: 802057 Data:Jul 31 2013 12:00AM;Em uso;ACAUTELADO;SEBASTIAO HENRIQUE DE BRITTO LOPES;;;;;
UNB;110124_4392 - SALA DA COORD. PLANEJAMENTO E FINANANÇAS / CEAD;ALICE MELO RIBEIRO;401265;GAVETEIRO MOVEL;Bem MIGRADO do SIPAT: Registro: 401265 - Origem: FUBDados da última movimentação no SIPAT:Ano: 2020 Número: 2133 Matrícula Remetente: 9992242 Matrícula Recebedor: 9992241 Local Remetente: 188228 Local Recebedor: 188229 Tipo de Movimentacão: 6 Data: Fev 26 2020  5:27PM Justificativa: Devvolução de bens do contrato 034/2019 CebraspeDocumentos de Ingresso: TIPO DE DOC. INGRESSO: 1610 NOTA FISCALEmpenho(s): EMPENHOS: Número: 802516 Data:Set 13 2013 12:00AM;Em uso;ACAUTELADO;BRENO MESQUITA DA SILVA;;;;;
UNB;110124_4394 - SALA COORDENAÇÃO ACADÊMICA / CEAD;ALICE MELO RIBEIRO;401293;GAVETEIRO MOVEL;Bem MIGRADO do SIPAT: Registro: 401293 - Origem: FUBDados da última movimentação no SIPAT:Ano: 2015 Número: 8516 Matrícula Remetente: 105678 Matrícula Recebedor: 9992242 Local Remetente: 187560 Local Recebedor: 188228 Tipo de Movimentacão: 5 Data: Ago  5 2015  8:51AM Justificativa: De acordo com o Contrato de Gestão celebrado entre o MEC/INEP e o Cebraspe, com interveniência da FUB.Documentos de Ingresso: TIPO DE DOC. INGRESSO: 1610 NOTA FISCALEmpenho(s): EMPENHOS: Número: 802516 Data:S;Em uso;ACAUTELADO;NAIARA ROCHA GUARINI ALVES;;;;;
UNB;110124_4393 - SALA CTIC / CEAD;ALICE MELO RIBEIRO;401316;GAVETEIRO MOVEL;Bem MIGRADO do SIPAT: Registro: 401316 - Origem: FUBDados da última movimentação no SIPAT:Ano: 2015 Número: 8516 Matrícula Remetente: 105678 Matrícula Recebedor: 9992242 Local Remetente: 187560 Local Recebedor: 188228 Tipo de Movimentacão: 5 Data: Ago  5 2015  8:51AM Justificativa: De acordo com o Contrato de Gestão celebrado entre o MEC/INEP e o Cebraspe, com interveniência da FUB.Documentos de Ingresso: TIPO DE DOC. INGRESSO: 1610 NOTA FISCALEmpenho(s): EMPENHOS: Número: 802516 Data:S;Em uso;ACAUTELADO;SEBASTIAO HENRIQUE DE BRITTO LOPES;;;;;
UNB;110124_4391 - SALA DA SECRETARIA / CEAD;ALICE MELO RIBEIRO;2022003388;GAVETEIRO MÓVEL 04 GAVETAS;"-INVENTÁRIO PATRIMONIAL -SEI: 23106.091537/2021-21-SEI: ""7959653""-PATRIMÔNIO ANTERIOR: 401289-NF: 1610 DATA: 10/10/2013";Em uso;ACAUTELADO;;;;;;
UNB;110124_4391 - SALA DA SECRETARIA / CEAD;ALICE MELO RIBEIRO;2023000442;GAVETEIRO MOVEL -PAT ANTERIOR 395634;-INVENTÁRIO PATRIMONIAL-SEI: 23106.125358/2022-85;Em uso;ACAUTELADO;MARIA HELENA BAHIA BEZERRA;;;;;
UNB;110124_4386 - SALA DE REUNIÃO / CEAD;ALICE MELO RIBEIRO;2023009658;GAVETEIRO VL 3 GAVETAS MDF 406X446X647 RVM/PTO/;-PROCESSO DE EMPENHO SEI: 23106.028916/2023-46 *2023NE535-PROCESSO DE PAGAMENTO SEI: 23106.055288/2023-71-UNIDADE REQUISITANTE: CENTRO DE EDUCACAO A DISTANCIA (11.01.24)-NF: 1890 SÉRIE: 1 DATA:26/05/2023;Em uso;EFETIVADO;;;;;;
UNB;110124_4373 - CENTRO DE EDUCAÇÃO À DISTÂNCIA/CEAD_133728;ALICE MELO RIBEIRO;916125;GRAVADORA DE CD-ROM;Bem MIGRADO do SIPAT: Registro: 916125 - Origem: FUBDados da última movimentação no SIPAT:Ano: 2003 Número: 8653 Matrícula Remetente: 122432 Matrícula Recebedor: 613878 Local Remetente: 133728 Local Recebedor: 133728 Tipo de Movimentacão: 2 Data:  Justificativa:Documentos de Ingresso: TIPO DE DOC. INGRESSO: 275 NOTA FISCALEmpenho(s): EMPENHOS: Número: 105 Data:Fev  1 2000 12:00AM;Em uso;ACAUTELADO;BERNARDO KIPNIS;;;;;
UNB;110124_4396 - SALA ESTÚDIO DE GRAVAÇÃO / CEAD;ALICE MELO RIBEIRO;462869;GRAVADOR DE SOM;Bem MIGRADO do SIPAT: Registro: 462869 - Origem: FUBDados da última movimentação no SIPAT:Ano: 2019 Número: 9951 Matrícula Remetente: 1094122 Matrícula Recebedor: 1123220 Local Remetente: 133728 Local Recebedor: 191753 Tipo de Movimentacão: 2 Data: Ago  5 2019 12:09PM Justificativa:Documentos de Ingresso: TIPO DE DOC. INGRESSO: 496 NOTA FISCALEmpenho(s): EMPENHOS: Número: 805067 Data:Nov  5 2018 12:00AM;Em uso;EFETIVADO;;;;;;
UNB;110124_4396 - SALA ESTÚDIO DE GRAVAÇÃO / CEAD;ALICE MELO RIBEIRO;462868;GRAVADOR DE SOM;Bem MIGRADO do SIPAT: Registro: 462868 - Origem: FUBDados da última movimentação no SIPAT:Ano: 2019 Número: 9947 Matrícula Remetente: 1094122 Matrícula Recebedor: 1116100 Local Remetente: 133728 Local Recebedor: 191754 Tipo de Movimentacão: 2 Data: Ago  5 2019 12:09PM Justificativa:Documentos de Ingresso: TIPO DE DOC. INGRESSO: 496 NOTA FISCALEmpenho(s): EMPENHOS: Número: 805067 Data:Nov  5 2018 12:00AM;Em uso;EFETIVADO;;;;;;
UNB;110124_4380 - COORD.DO CURSO DE MÚSICA-MUS/CEAD_186231;ALICE MELO RIBEIRO;372707;HD EXTERNO;Bem MIGRADO do SIPAT: Registro: 372707 - Origem: FUBDados da última movimentação no SIPAT:Ano: 2012 Número: 4200 Matrícula Remetente: 1042459 Matrícula Recebedor: 1044800 Local Remetente: 185501 Local Recebedor: 186231 Tipo de Movimentacão: 2 Data: Abr 23 2012  8:38AM Justificativa:Documentos de Ingresso: TIPO DE DOC. INGRESSO: 000000983 NOTA FISCALEmpenho(s): EMPENHOS: Número: 808413 Data:Dez  1 2011 12:00AM;Em uso;EFETIVADO;;;;;;
UNB;110124_4375 - UNIVERSIDADE ABERTA DO BRASIL/CEAD_185501;ALICE MELO RIBEIRO;372702;HD EXTERNO;Bem MIGRADO do SIPAT: Registro: 372702 - Origem: FUBDados da última movimentação no SIPAT:Ano: 2013 Número: 427 Matrícula Remetente: 1042459 Matrícula Recebedor: 713546 Local Remetente: 185501 Local Recebedor: 185501 Tipo de Movimentacão: 2 Data: Fev  6 2013 11:03AM Justificativa:Documentos de Ingresso: TIPO DE DOC. INGRESSO: 000000983 NOTA FISCALEmpenho(s): EMPENHOS: Número: 808413 Data:Dez  1 2011 12:00AM;Em uso;ACAUTELADO;RUI SEIMETZ;;;;;
UNB;110124_4396 - SALA ESTÚDIO DE GRAVAÇÃO / CEAD;ALICE MELO RIBEIRO;459018;HD EXTERNO;Bem MIGRADO do SIPAT: Registro: 459018 - Origem: FUBDados da última movimentação no SIPAT:Ano: 2019 Número: 8393 Matrícula Remetente: 1043633 Matrícula Recebedor: 1043633 Local Remetente: 185143 Local Recebedor: 191748 Tipo de Movimentacão: 2 Data: Jul 10 2019  4:21PM Justificativa:Documentos de Ingresso: TIPO DE DOC. INGRESSO: 303 NOTA FISCALEmpenho(s): EMPENHOS: Número: 804073 Data:Nov 17 2017 12:00AM;Em uso;EFETIVADO;;;;;;
UNB;110124_4396 - SALA ESTÚDIO DE GRAVAÇÃO / CEAD;ALICE MELO RIBEIRO;459019;HD EXTERNO;Bem MIGRADO do SIPAT: Registro: 459019 - Origem: FUBDados da última movimentação no SIPAT:Ano: 2019 Número: 13995 Matrícula Remetente: 1030906 Matrícula Recebedor: 1123220 Local Remetente: 133728 Local Recebedor: 191753 Tipo de Movimentacão: 2 Data: Out  1 2019  3:20PM Justificativa:Documentos de Ingresso: TIPO DE DOC. INGRESSO: 303 NOTA FISCALEmpenho(s): EMPENHOS: Número: 804073 Data:Nov 17 2017 12:00AM;Em uso;EFETIVADO;;;;;;
UNB;110124_4396 - SALA ESTÚDIO DE GRAVAÇÃO / CEAD;ALICE MELO RIBEIRO;459020;HD EXTERNO;Bem MIGRADO do SIPAT: Registro: 459020 - Origem: FUBDados da última movimentação no SIPAT:Ano: 2019 Número: 12933 Matrícula Remetente: 1046675 Matrícula Recebedor: 1116100 Local Remetente: 191748 Local Recebedor: 191754 Tipo de Movimentacão: 2 Data: Set 11 2019  3:26PM Justificativa:Documentos de Ingresso: TIPO DE DOC. INGRESSO: 303 NOTA FISCALEmpenho(s): EMPENHOS: Número: 804073 Data:Nov 17 2017 12:00AM;Em uso;EFETIVADO;;;;;;
UNB;110124_4396 - SALA ESTÚDIO DE GRAVAÇÃO / CEAD;ALICE MELO RIBEIRO;2021009093;HD; EXTERNO;HD, EXTERNO,  4TBMODELO: HV320N/S: 7L2029116966;ADATA;Em uso;;;;;
UNB;110124_4396 - SALA ESTÚDIO DE GRAVAÇÃO / CEAD;ALICE MELO RIBEIRO;2022004194;HD; EXTERNO;HD, EXTERNO,  4TBMODELO:EXPANSION S/N:NAAYQHNV;SEAGATE;Em uso;;;;;
UNB;110124_4396 - SALA ESTÚDIO DE GRAVAÇÃO / CEAD;ALICE MELO RIBEIRO;933368;HEADPHONE;Bem MIGRADO do SIPAT: Registro: 933368 - Origem: FUBDados da última movimentação no SIPAT:Ano: 2019 Número: 9951 Matrícula Remetente: 1094122 Matrícula Recebedor: 1123220 Local Remetente: 133728 Local Recebedor: 191753 Tipo de Movimentacão: 2 Data: Ago  5 2019 12:09PM Justificativa:Documentos de Ingresso: TIPO DE DOC. INGRESSO: 509 NOTA FISCALEmpenho(s): EMPENHOS: Número: 806068 Data:Dez  4 2018 12:00AM;Em uso;EFETIVADO;;;;;;
UNB;110124_4396 - SALA ESTÚDIO DE GRAVAÇÃO / CEAD;ALICE MELO RIBEIRO;933343;HEADPHONE;Bem MIGRADO do SIPAT: Registro: 933343 - Origem: FUBDados da última movimentação no SIPAT:Ano: 2019 Número: 9947 Matrícula Remetente: 1094122 Matrícula Recebedor: 1116100 Local Remetente: 133728 Local Recebedor: 191754 Tipo de Movimentacão: 2 Data: Ago  5 2019 12:09PM Justificativa:Documentos de Ingresso: TIPO DE DOC. INGRESSO: 496 NOTA FISCALEmpenho(s): EMPENHOS: Número: 805067 Data:Nov  5 2018 12:00AM;Em uso;EFETIVADO;;;;;;
UNB;110124_4396 - SALA ESTÚDIO DE GRAVAÇÃO / CEAD;ALICE MELO RIBEIRO;933342;HEADPHONE;Bem MIGRADO do SIPAT: Registro: 933342 - Origem: FUBDados da última movimentação no SIPAT:Ano: 2019 Número: 9947 Matrícula Remetente: 1094122 Matrícula Recebedor: 1116100 Local Remetente: 133728 Local Recebedor: 191754 Tipo de Movimentacão: 2 Data: Ago  5 2019 12:09PM Justificativa:Documentos de Ingresso: TIPO DE DOC. INGRESSO: 496 NOTA FISCALEmpenho(s): EMPENHOS: Número: 805067 Data:Nov  5 2018 12:00AM;Em uso;EFETIVADO;;;;;;
UNB;110124_4373 - CENTRO DE EDUCAÇÃO À DISTÂNCIA/CEAD_133728;ALICE MELO RIBEIRO;352974;HEADSET/FONE DE CABEÇA;Bem MIGRADO do SIPAT: Registro: 352974 - Origem: FUBDados da última movimentação no SIPAT:Ano: 2004 Número: 7208 Matrícula Remetente:  Matrícula Recebedor: 613878 Local Remetente:  Local Recebedor: 133728 Tipo de Movimentacão: 1 Data:  Justificativa:Documentos de Ingresso: TIPO DE DOC. INGRESSO: 1268 NOTA FISCALEmpenho(s): EMPENHOS: Número: 906439 Data:Set 24 2004 12:00AM;Em uso;ACAUTELADO;BERNARDO KIPNIS;;;;;
UNB;110124_4373 - CENTRO DE EDUCAÇÃO À DISTÂNCIA/CEAD_133728;ALICE MELO RIBEIRO;352975;HEADSET/FONE DE CABEÇA;Bem MIGRADO do SIPAT: Registro: 352975 - Origem: FUBDados da última movimentação no SIPAT:Ano: 2004 Número: 7208 Matrícula Remetente:  Matrícula Recebedor: 613878 Local Remetente:  Local Recebedor: 133728 Tipo de Movimentacão: 1 Data:  Justificativa:Documentos de Ingresso: TIPO DE DOC. INGRESSO: 1268 NOTA FISCALEmpenho(s): EMPENHOS: Número: 906439 Data:Set 24 2004 12:00AM;Em uso;ACAUTELADO;BERNARDO KIPNIS;;;;;
UNB;110124_4375 - UNIVERSIDADE ABERTA DO BRASIL/CEAD_185501;ALICE MELO RIBEIRO;418259;IMPRESSORA MULTIFUNCIONAL;Bem MIGRADO do SIPAT: Registro: 418259 - Origem: FUBDados da última movimentação no SIPAT:Documentos de Ingresso: TIPO DE DOC. INGRESSO: 6975 NOTA FISCALEmpenho(s): EMPENHOS: Número: 803567 Data:Jul 30 2014 12:00AM;Em uso;EFETIVADO;;;;;;
UNB;110124_4396 - SALA ESTÚDIO DE GRAVAÇÃO / CEAD;ALICE MELO RIBEIRO;2024000668 (BEM DE TERCEIRO);-IMP/SWICHT 3D ENDV2 FEELWORLD L2 PLUS NEO 1001020457XX -BENS DE 3°: 8645;-PROJETO FINATEC: 44354/2023-BENS DE 3°: 8645-COORDENADOR: LETICIA LOPES LEITE-SEI: 23106.003078/2024-89-NF: 1592 SÉRIE:2 DATA:05/01/2024;Em uso;EFETIVADO;;;;;;
UNB;110124_4396 - SALA ESTÚDIO DE GRAVAÇÃO / CEAD;ALICE MELO RIBEIRO;2024008683 (BEM DE TERCEIRO);-KIT DE ILUMINADOR LED DE VÍDEO FOTO L-5500 RP GODOX GREIKA  -BENS DE 3°: 10666;-PROJETO FINATEC: 51039/2024-BENS DE 3°: 10666-COORDENADOR: LETICIA LOPES LEITE-SEI: 23106.090153/2024-33-NF: 559 SÉRIE:001 DATA:17/09/2024;Em uso;EFETIVADO;;;;;;
UNB;110124_4396 - SALA ESTÚDIO DE GRAVAÇÃO / CEAD;ALICE MELO RIBEIRO;434019;LEITORA DE CARTÃO PARA VIA DE ACESSO;Bem MIGRADO do SIPAT: Registro: 434019 - Origem: FUBDados da última movimentação no SIPAT:Ano: 2019 Número: 8310 Matrícula Remetente: 1008226 Matrícula Recebedor: 1066234 Local Remetente: 138932 Local Recebedor: 188373 Tipo de Movimentacão: 2 Data: Jul 17 2019 10:41AM Justificativa: Processo n. 23106.078522/2019-52Documentos de Ingresso: TIPO DE DOC. INGRESSO: 1303 NOTA FISCALEmpenho(s): EMPENHOS: Número: 803380 Data:Ago 31 2018 12:00AM;Em uso;EFETIVADO;;;;;;
UNB;110124_4396 - SALA ESTÚDIO DE GRAVAÇÃO / CEAD;ALICE MELO RIBEIRO;474492;LENTE P/CÂMERA FOTOGRÁFICA;Bem MIGRADO do SIPAT: Registro: 474492 - Origem: FUBDados da última movimentação no SIPAT:Ano: 2020 Número: 1241 Matrícula Remetente:  Matrícula Recebedor: 1123220 Local Remetente:  Local Recebedor: 191753 Tipo de Movimentacão: 1 Data: Fev 10 2020 12:30PM Justificativa:Documentos de Ingresso: TIPO DE DOC. INGRESSO: 878 NOTA FISCALEmpenho(s): EMPENHOS: Número: 804515 Data:Out 23 2019 12:00AM;Em uso;EFETIVADO;;;;;;
UNB;110124_4396 - SALA ESTÚDIO DE GRAVAÇÃO / CEAD;ALICE MELO RIBEIRO;463018;LENTE P/CÂMERA FOTOGRÁFICA;Bem MIGRADO do SIPAT: Registro: 463018 - Origem: FUBDados da última movimentação no SIPAT:Ano: 2019 Número: 9951 Matrícula Remetente: 1094122 Matrícula Recebedor: 1123220 Local Remetente: 133728 Local Recebedor: 191753 Tipo de Movimentacão: 2 Data: Ago  5 2019 12:09PM Justificativa:Documentos de Ingresso: TIPO DE DOC. INGRESSO: 781 NOTA FISCALEmpenho(s): EMPENHOS: Número: 805066 Data:Nov  5 2018 12:00AM;Em uso;EFETIVADO;;;;;;
UNB;110124_4396 - SALA ESTÚDIO DE GRAVAÇÃO / CEAD;ALICE MELO RIBEIRO;950539;LENTE P/CÂMERA FOTOGRÁFICA;Bem MIGRADO do SIPAT: Registro: 950539 - Origem: FUBDados da última movimentação no SIPAT:Ano: 2019 Número: 9947 Matrícula Remetente: 1094122 Matrícula Recebedor: 1116100 Local Remetente: 133728 Local Recebedor: 191754 Tipo de Movimentacão: 2 Data: Ago  5 2019 12:09PM Justificativa:Documentos de Ingresso: TIPO DE DOC. INGRESSO: 732 NOTA FISCALEmpenho(s): EMPENHOS: Número: 805066 Data:Nov  5 2018 12:00AM;Em uso;EFETIVADO;;;;;;
UNB;110124_4375 - UNIVERSIDADE ABERTA DO BRASIL/CEAD_185501;ALICE MELO RIBEIRO;423412;LOUSA INTERATIVA;Bem MIGRADO do SIPAT: Registro: 423412 - Origem: FUBDados da última movimentação no SIPAT:Ano: 2018 Número: 794 Matrícula Remetente: 1043391 Matrícula Recebedor: 1043391 Local Remetente: 151483 Local Recebedor: 185501 Tipo de Movimentacão: 3 Data: Fev 21 2018 12:38PM Justificativa:Documentos de Ingresso: TIPO DE DOC. INGRESSO: 1596 NOTA FISCALEmpenho(s): EMPENHOS: Número: 805599 Data:Out 13 2014 12:00AM;Em uso;EFETIVADO;;;;;;
UNB;110124_4375 - UNIVERSIDADE ABERTA DO BRASIL/CEAD_185501;ALICE MELO RIBEIRO;423414;LOUSA INTERATIVA;Bem MIGRADO do SIPAT: Registro: 423414 - Origem: FUBDados da última movimentação no SIPAT:Ano: 2018 Número: 794 Matrícula Remetente: 1043391 Matrícula Recebedor: 1043391 Local Remetente: 151483 Local Recebedor: 185501 Tipo de Movimentacão: 3 Data: Fev 21 2018 12:38PM Justificativa:Documentos de Ingresso: TIPO DE DOC. INGRESSO: 1596 NOTA FISCALEmpenho(s): EMPENHOS: Número: 805599 Data:Out 13 2014 12:00AM;Em uso;EFETIVADO;;;;;;
UNB;110124_4375 - UNIVERSIDADE ABERTA DO BRASIL/CEAD_185501;ALICE MELO RIBEIRO;423417;LOUSA INTERATIVA;Bem MIGRADO do SIPAT: Registro: 423417 - Origem: FUBDados da última movimentação no SIPAT:Ano: 2018 Número: 794 Matrícula Remetente: 1043391 Matrícula Recebedor: 1043391 Local Remetente: 151483 Local Recebedor: 185501 Tipo de Movimentacão: 3 Data: Fev 21 2018 12:38PM Justificativa:Documentos de Ingresso: TIPO DE DOC. INGRESSO: 1596 NOTA FISCALEmpenho(s): EMPENHOS: Número: 805599 Data:Out 13 2014 12:00AM;Em uso;EFETIVADO;;;;;;
UNB;110124_4391 - SALA DA SECRETARIA / CEAD;ALICE MELO RIBEIRO;2024009281 (BEM DE TERCEIRO);-MAPA DO BRASIL EM AÇO INOX ESCOVADO(MAGNÉTICO) -BENS DE 3 º: 10925;-PROJETO FINATEC: 55889/2024-BENS DE 3 º: 10925-COORDENADOR: LETICIA LOPES LEITE-SEI: 23106.105359/2024-75-NF:1 SÉRIE:1;Em uso;EFETIVADO;;;;;;
UNB;110124_4373 - CENTRO DE EDUCAÇÃO À DISTÂNCIA/CEAD_133728;ALICE MELO RIBEIRO;228277;MESA AUXILAR;Bem MIGRADO do SIPAT: Registro: 228277 - Origem: FUBDados da última movimentação no SIPAT:Ano: 2004 Número: 4492 Matrícula Remetente:  Matrícula Recebedor: 613878 Local Remetente:  Local Recebedor: 133728 Tipo de Movimentacão: 1 Data:  Justificativa:Documentos de Ingresso: TIPO DE DOC. INGRESSO: 11099 NOTA FISCALEmpenho(s): EMPENHOS: Número: 903005 Data:Mai 26 2004 12:00AM;Em uso;ACAUTELADO;BERNARDO KIPNIS;;;;;
UNB;110124_4396 - SALA ESTÚDIO DE GRAVAÇÃO / CEAD;ALICE MELO RIBEIRO;472595;MESA DE AUDIO;Bem MIGRADO do SIPAT: Registro: 472595 - Origem: FUBDados da última movimentação no SIPAT:Ano: 2020 Número: 917 Matrícula Remetente: 1094122 Matrícula Recebedor: 1123220 Local Remetente: 191739 Local Recebedor: 191753 Tipo de Movimentacão: 2 Data: Jan 31 2020  3:00PM Justificativa:Documentos de Ingresso: TIPO DE DOC. INGRESSO: 3.544 NOTA FISCALEmpenho(s): EMPENHOS: Número: 803467 Data:Set 12 2019 12:00AM;Em uso;EFETIVADO;;;;;;
UNB;110124_4380 - COORD.DO CURSO DE MÚSICA-MUS/CEAD_186231;ALICE MELO RIBEIRO;330147;MESA DE AUDIO;Bem MIGRADO do SIPAT: Registro: 330147 - Origem: FUBDados da última movimentação no SIPAT:Ano: 2011 Número: 6857 Matrícula Remetente: 1039237 Matrícula Recebedor: 1044800 Local Remetente: 186231 Local Recebedor: 186231 Tipo de Movimentacão: 2 Data: Ago  1 2011  8:12AM Justificativa:Documentos de Ingresso: TIPO DE DOC. INGRESSO: 5401 NOTA FISCALEmpenho(s): EMPENHOS: Número: 912925 Data:Nov 18 2009 12:00AM;Em uso;EFETIVADO;;;;;;
UNB;110124_4380 - COORD.DO CURSO DE MÚSICA-MUS/CEAD_186231;ALICE MELO RIBEIRO;281085;MESA DE ESCRITÓRIO;Bem MIGRADO do SIPAT: Registro: 281085 - Origem: FUBDados da última movimentação no SIPAT:Ano: 2011 Número: 6854 Matrícula Remetente: 1039237 Matrícula Recebedor: 1044800 Local Remetente: 186231 Local Recebedor: 186231 Tipo de Movimentacão: 2 Data: Ago  1 2011  8:12AM Justificativa:Documentos de Ingresso: TIPO DE DOC. INGRESSO: 2519 NOTA FISCALEmpenho(s): EMPENHOS: Número: 911964 Data:Dez 17 2007 12:00AM;Em uso;EFETIVADO;;;;;;
UNB;110124_4375 - UNIVERSIDADE ABERTA DO BRASIL/CEAD_185501;ALICE MELO RIBEIRO;195471;MESA DE ESCRITÓRIO;Bem MIGRADO do SIPAT: Registro: 195471 - Origem: FUBDados da última movimentação no SIPAT:Ano: 2012 Número: 13844 Matrícula Remetente: 67385 Matrícula Recebedor: 713546 Local Remetente: 185143 Local Recebedor: 185501 Tipo de Movimentacão: 2 Data: Jan  9 2013  2:42PM Justificativa:Documentos de Ingresso: TIPO DE DOC. INGRESSO: 022054 NOTA FISCALEmpenho(s): EMPENHOS: Número: 901296 Data:Jun 16 2000 12:00AM;Em uso;ACAUTELADO;RUI SEIMETZ;;;;;
UNB;110124_4375 - UNIVERSIDADE ABERTA DO BRASIL/CEAD_185501;ALICE MELO RIBEIRO;281082;MESA DE ESCRITÓRIO;Bem MIGRADO do SIPAT: Registro: 281082 - Origem: FUBDados da última movimentação no SIPAT:Ano: 2012 Número: 13748 Matrícula Remetente: 866512 Matrícula Recebedor: 713546 Local Remetente: 185501 Local Recebedor: 185501 Tipo de Movimentacão: 2 Data: Dez 17 2012 10:39AM Justificativa:Documentos de Ingresso: TIPO DE DOC. INGRESSO: 2519 NOTA FISCALEmpenho(s): EMPENHOS: Número: 911964 Data:Dez 17 2007 12:00AM;Em uso;ACAUTELADO;RUI SEIMETZ;;;;;
UNB;110124_4384 - SALA DA DIREÇÃO / CEAD;ALICE MELO RIBEIRO;404500;MESA DE MADEIRA;Bem MIGRADO do SIPAT: Registro: 404500 - Origem: FUBDados da última movimentação no SIPAT:Ano: 2019 Número: 9588 Matrícula Remetente: 1036581 Matrícula Recebedor: 1094122 Local Remetente: 185143 Local Recebedor: 191739 Tipo de Movimentacão: 2 Data: Jul 31 2019 11:14AM Justificativa:Documentos de Ingresso: TIPO DE DOC. INGRESSO: 14 ATO REITORIAEmpenho(s):;Em uso;EFETIVADO;;;;;;
UNB;110124_4390 - COPA / CEAD;ALICE MELO RIBEIRO;277500;MESA DE MADEIRA;Bem MIGRADO do SIPAT: Registro: 277500 - Origem: FUBDados da última movimentação no SIPAT:Ano: 2019 Número: 6689 Matrícula Remetente: 1036581 Matrícula Recebedor: 1094122 Local Remetente: 185143 Local Recebedor: 191741 Tipo de Movimentacão: 2 Data: Jun 27 2019  1:39PM Justificativa:Documentos de Ingresso: TIPO DE DOC. INGRESSO: 323 NOTA FISCALEmpenho(s): EMPENHOS: Número: 901988 Data:Abr  7 2009 12:00AM;Em uso;EFETIVADO;;;;;;
UNB;110124_4373 - CENTRO DE EDUCAÇÃO À DISTÂNCIA/CEAD_133728;ALICE MELO RIBEIRO;257532;MESA DE MADEIRA;Bem MIGRADO do SIPAT: Registro: 257532 - Origem: FUBDados da última movimentação no SIPAT:Ano: 2006 Número: 11518 Matrícula Remetente:  Matrícula Recebedor: 613878 Local Remetente:  Local Recebedor: 133728 Tipo de Movimentacão: 1 Data: Ago 28 2007  5:31PM Justificativa:Documentos de Ingresso: TIPO DE DOC. INGRESSO: 143 GUIA DE PRODUÇÃO INDUSTRIAL/PRCEmpenho(s):;Em uso;ACAUTELADO;BERNARDO KIPNIS;;;;;
UNB;110124_4394 - SALA COORDENAÇÃO ACADÊMICA / CEAD;ALICE MELO RIBEIRO;332679;MESA DE MADEIRA;Bem MIGRADO do SIPAT: Registro: 332679 - Origem: FUBDados da última movimentação no SIPAT:Ano: 2019 Número: 14206 Matrícula Remetente: 1102125 Matrícula Recebedor: 1086961 Local Remetente: 187686 Local Recebedor: 187259 Tipo de Movimentacão: 2 Data: Out  4 2019  8:32AM Justificativa:Documentos de Ingresso: TIPO DE DOC. INGRESSO: 756 NOTA FISCALEmpenho(s): EMPENHOS: Número: 904298 Data:Out 31 2008 12:00AM;Em uso;ACAUTELADO;NATTACHA LIDIANY FERNANDES DOS SANTOS;;;;;
UNB;110124_4398 - SALA ILHA DE EDIÇÃO / CEAD;ALICE MELO RIBEIRO;394901;MESA DIGITALIZADORA;Bem MIGRADO do SIPAT: Registro: 394901 - Origem: FUBDados da última movimentação no SIPAT:Ano: 2019 Número: 9430 Matrícula Remetente: 1094122 Matrícula Recebedor: 1116100 Local Remetente: 133728 Local Recebedor: 191754 Tipo de Movimentacão: 2 Data: Jul 30 2019  3:07PM Justificativa:Documentos de Ingresso: TIPO DE DOC. INGRESSO: 88 NOTA FISCALEmpenho(s): EMPENHOS: Número: 801167 Data:Jun 22 2012 12:00AM;Em uso;EFETIVADO;;;;;;
UNB;110124_4394 - SALA COORDENAÇÃO ACADÊMICA / CEAD;ALICE MELO RIBEIRO;394911;MESA DIGITALIZADORA;Bem MIGRADO do SIPAT: Registro: 394911 - Origem: FUBDados da última movimentação no SIPAT:Ano: 2019 Número: 9430 Matrícula Remetente: 1094122 Matrícula Recebedor: 1116100 Local Remetente: 133728 Local Recebedor: 191754 Tipo de Movimentacão: 2 Data: Jul 30 2019  3:07PM Justificativa:Documentos de Ingresso: TIPO DE DOC. INGRESSO: 88 NOTA FISCALEmpenho(s): EMPENHOS: Número: 801167 Data:Jun 22 2012 12:00AM;Em uso;EFETIVADO;;;;;;
UNB;110124_4391 - SALA DA SECRETARIA / CEAD;ALICE MELO RIBEIRO;333059;MESA EM L;Bem MIGRADO do SIPAT: Registro: 333059 - Origem: FUBDados da última movimentação no SIPAT:Ano: 2020 Número: 1730 Matrícula Remetente: 9992242 Matrícula Recebedor: 9992241 Local Remetente: 188228 Local Recebedor: 188229 Tipo de Movimentacão: 6 Data: Fev 20 2020 10:59AM Justificativa: Devolução de bens no âmbito do contrato 034/2019 CebraspeDocumentos de Ingresso: TIPO DE DOC. INGRESSO: 521 NOTA FISCALEmpenho(s): EMPENHOS: Número: 902037 Data:Jul 18 2009 12:00AM;Em uso;ACAUTELADO;MARIA HELENA BAHIA BEZERRA;;;;;
UNB;110124_4394 - SALA COORDENAÇÃO ACADÊMICA / CEAD;ALICE MELO RIBEIRO;333062;MESA EM L;Bem MIGRADO do SIPAT: Registro: 333062 - Origem: FUBDados da última movimentação no SIPAT:Ano: 2020 Número: 1730 Matrícula Remetente: 9992242 Matrícula Recebedor: 9992241 Local Remetente: 188228 Local Recebedor: 188229 Tipo de Movimentacão: 6 Data: Fev 20 2020 10:59AM Justificativa: Devolução de bens no âmbito do contrato 034/2019 CebraspeDocumentos de Ingresso: TIPO DE DOC. INGRESSO: 521 NOTA FISCALEmpenho(s): EMPENHOS: Número: 902037 Data:Jul 18 2009 12:00AM;Em uso;EFETIVADO;;;;;;
UNB;110124_4394 - SALA COORDENAÇÃO ACADÊMICA / CEAD;ALICE MELO RIBEIRO;333065;MESA EM L;Bem MIGRADO do SIPAT: Registro: 333065 - Origem: FUBDados da última movimentação no SIPAT:Ano: 2020 Número: 2056 Matrícula Remetente: 9992242 Matrícula Recebedor: 9992241 Local Remetente: 188228 Local Recebedor: 188229 Tipo de Movimentacão: 6 Data: Fev 20 2020 10:59AM Justificativa: Devolução de bens do contrato 034/2019 CenbraspeDocumentos de Ingresso: TIPO DE DOC. INGRESSO: 521 NOTA FISCALEmpenho(s): EMPENHOS: Número: 902037 Data:Jul 18 2009 12:00AM;Em uso;ACAUTELADO;LETICIA DA CRUZ SOUZA FLORES;;;;;
UNB;110124_4400 - LABORATÓRIO DE PESQUISA E INOVAÇÃO DARCY RIBEIRO - LAPIDAR/CEAD;ALICE MELO RIBEIRO;333091;MESA EM L;Bem MIGRADO do SIPAT: Registro: 333091 - Origem: FUBDados da última movimentação no SIPAT:Ano: 2020 Número: 2296 Matrícula Remetente: 9992242 Matrícula Recebedor: 9992241 Local Remetente: 188228 Local Recebedor: 188229 Tipo de Movimentacão: 6 Data: Fev 28 2020  5:04PM Justificativa: devolução de bens do contrto 034/2019 CebraspeDocumentos de Ingresso: TIPO DE DOC. INGRESSO: 521 NOTA FISCALEmpenho(s): EMPENHOS: Número: 902037 Data:Jul 18 2009 12:00AM;Em uso;EFETIVADO;;;;;;
UNB;110124_4392 - SALA DA COORD. PLANEJAMENTO E FINANANÇAS / CEAD;ALICE MELO RIBEIRO;348243;MESA EM L;Bem MIGRADO do SIPAT: Registro: 348243 - Origem: FUBDados da última movimentação no SIPAT:Ano: 2020 Número: 2056 Matrícula Remetente: 9992242 Matrícula Recebedor: 9992241 Local Remetente: 188228 Local Recebedor: 188229 Tipo de Movimentacão: 6 Data: Fev 20 2020 10:59AM Justificativa: Devolução de bens do contrato 034/2019 CenbraspeDocumentos de Ingresso: TIPO DE DOC. INGRESSO: 132 NOTA FISCALEmpenho(s): EMPENHOS: Número: 903295 Data:Jul  8 2010 12:00AM;Em uso;ACAUTELADO;BRENO MESQUITA DA SILVA;;;;;
UNB;110124_4392 - SALA DA COORD. PLANEJAMENTO E FINANANÇAS / CEAD;ALICE MELO RIBEIRO;329779;MESA EM L;Bem MIGRADO do SIPAT: Registro: 329779 - Origem: FUBDados da última movimentação no SIPAT:Ano: 2020 Número: 2296 Matrícula Remetente: 9992242 Matrícula Recebedor: 9992241 Local Remetente: 188228 Local Recebedor: 188229 Tipo de Movimentacão: 6 Data: Fev 28 2020  5:04PM Justificativa: devolução de bens do contrto 034/2019 CebraspeDocumentos de Ingresso: TIPO DE DOC. INGRESSO: 983 NOTA FISCALEmpenho(s): EMPENHOS: Número: 903357 Data:Out  1 2009 12:00AM;Em uso;ACAUTELADO;MAGDA TEIXEIRA MARTINS;;;;;
UNB;110124_4392 - SALA DA COORD. PLANEJAMENTO E FINANANÇAS / CEAD;ALICE MELO RIBEIRO;333060;MESA EM L;Bem MIGRADO do SIPAT: Registro: 333060 - Origem: FUBDados da última movimentação no SIPAT:Ano: 2020 Número: 1730 Matrícula Remetente: 9992242 Matrícula Recebedor: 9992241 Local Remetente: 188228 Local Recebedor: 188229 Tipo de Movimentacão: 6 Data: Fev 20 2020 10:59AM Justificativa: Devolução de bens no âmbito do contrato 034/2019 CebraspeDocumentos de Ingresso: TIPO DE DOC. INGRESSO: 521 NOTA FISCALEmpenho(s): EMPENHOS: Número: 902037 Data:Jul 18 2009 12:00AM;Em uso;ACAUTELADO;BRENO MESQUITA DA SILVA;;;;;
UNB;110124_4394 - SALA COORDENAÇÃO ACADÊMICA / CEAD;ALICE MELO RIBEIRO;348238;MESA EM L;Bem MIGRADO do SIPAT: Registro: 348238 - Origem: FUBDados da última movimentação no SIPAT:Ano: 2020 Número: 1730 Matrícula Remetente: 9992242 Matrícula Recebedor: 9992241 Local Remetente: 188228 Local Recebedor: 188229 Tipo de Movimentacão: 6 Data: Fev 20 2020 10:59AM Justificativa: Devolução de bens no âmbito do contrato 034/2019 CebraspeDocumentos de Ingresso: TIPO DE DOC. INGRESSO: 132 NOTA FISCALEmpenho(s): EMPENHOS: Número: 903295 Data:Jul  8 2010 12:00AM;Em uso;ACAUTELADO;BRUNA EVELIN SOUZA FILGUEIRAS;;;;;
UNB;110124_4394 - SALA COORDENAÇÃO ACADÊMICA / CEAD;ALICE MELO RIBEIRO;348244;MESA EM L;Bem MIGRADO do SIPAT: Registro: 348244 - Origem: FUBDados da última movimentação no SIPAT:Ano: 2020 Número: 2056 Matrícula Remetente: 9992242 Matrícula Recebedor: 9992241 Local Remetente: 188228 Local Recebedor: 188229 Tipo de Movimentacão: 6 Data: Fev 20 2020 10:59AM Justificativa: Devolução de bens do contrato 034/2019 CenbraspeDocumentos de Ingresso: TIPO DE DOC. INGRESSO: 132 NOTA FISCALEmpenho(s): EMPENHOS: Número: 903295 Data:Jul  8 2010 12:00AM;Em uso;ACAUTELADO;NAIARA ROCHA GUARINI ALVES;;;;;
UNB;110124_4392 - SALA DA COORD. PLANEJAMENTO E FINANANÇAS / CEAD;ALICE MELO RIBEIRO;329757;MESA EM L;Bem MIGRADO do SIPAT: Registro: 329757 - Origem: FUBDados da última movimentação no SIPAT:Ano: 2020 Número: 1730 Matrícula Remetente: 9992242 Matrícula Recebedor: 9992241 Local Remetente: 188228 Local Recebedor: 188229 Tipo de Movimentacão: 6 Data: Fev 20 2020 10:59AM Justificativa: Devolução de bens no âmbito do contrato 034/2019 CebraspeDocumentos de Ingresso: TIPO DE DOC. INGRESSO: 983 NOTA FISCALEmpenho(s): EMPENHOS: Número: 903357 Data:Out  1 2009 12:00AM;Em uso;ACAUTELADO;BRENO MESQUITA DA SILVA;;;;;
UNB;110124_4394 - SALA COORDENAÇÃO ACADÊMICA / CEAD;ALICE MELO RIBEIRO;332859;MESA EM L;Bem MIGRADO do SIPAT: Registro: 332859 - Origem: FUBDados da última movimentação no SIPAT:Ano: 2020 Número: 1730 Matrícula Remetente: 9992242 Matrícula Recebedor: 9992241 Local Remetente: 188228 Local Recebedor: 188229 Tipo de Movimentacão: 6 Data: Fev 20 2020 10:59AM Justificativa: Devolução de bens no âmbito do contrato 034/2019 CebraspeDocumentos de Ingresso: TIPO DE DOC. INGRESSO: 521 NOTA FISCALEmpenho(s): EMPENHOS: Número: 902037 Data:Jul 18 2009 12:00AM;Em uso;EFETIVADO;;;;;;
UNB;110124_4393 - SALA CTIC / CEAD;ALICE MELO RIBEIRO;333074;MESA EM L;Bem MIGRADO do SIPAT: Registro: 333074 - Origem: FUBDados da última movimentação no SIPAT:Ano: 2020 Número: 2056 Matrícula Remetente: 9992242 Matrícula Recebedor: 9992241 Local Remetente: 188228 Local Recebedor: 188229 Tipo de Movimentacão: 6 Data: Fev 20 2020 10:59AM Justificativa: Devolução de bens do contrato 034/2019 CenbraspeDocumentos de Ingresso: TIPO DE DOC. INGRESSO: 521 NOTA FISCALEmpenho(s): EMPENHOS: Número: 902037 Data:Jul 18 2009 12:00AM;Em uso;ACAUTELADO;SEBASTIAO HENRIQUE DE BRITTO LOPES;;;;;
UNB;110124_4392 - SALA DA COORD. PLANEJAMENTO E FINANANÇAS / CEAD;ALICE MELO RIBEIRO;348234;MESA EM L;Bem MIGRADO do SIPAT: Registro: 348234 - Origem: FUBDados da última movimentação no SIPAT:Ano: 2020 Número: 2056 Matrícula Remetente: 9992242 Matrícula Recebedor: 9992241 Local Remetente: 188228 Local Recebedor: 188229 Tipo de Movimentacão: 6 Data: Fev 20 2020 10:59AM Justificativa: Devolução de bens do contrato 034/2019 CenbraspeDocumentos de Ingresso: TIPO DE DOC. INGRESSO: 132 NOTA FISCALEmpenho(s): EMPENHOS: Número: 903295 Data:Jul  8 2010 12:00AM;Em uso;ACAUTELADO;BRENO MESQUITA DA SILVA;;;;;
UNB;110124_4394 - SALA COORDENAÇÃO ACADÊMICA / CEAD;ALICE MELO RIBEIRO;348237;MESA EM L;Bem MIGRADO do SIPAT: Registro: 348237 - Origem: FUBDados da última movimentação no SIPAT:Ano: 2020 Número: 1730 Matrícula Remetente: 9992242 Matrícula Recebedor: 9992241 Local Remetente: 188228 Local Recebedor: 188229 Tipo de Movimentacão: 6 Data: Fev 20 2020 10:59AM Justificativa: Devolução de bens no âmbito do contrato 034/2019 CebraspeDocumentos de Ingresso: TIPO DE DOC. INGRESSO: 132 NOTA FISCALEmpenho(s): EMPENHOS: Número: 903295 Data:Jul  8 2010 12:00AM;Em uso;EFETIVADO;;;;;;
UNB;110124_4391 - SALA DA SECRETARIA / CEAD;ALICE MELO RIBEIRO;348263;MESA EM L;Bem MIGRADO do SIPAT: Registro: 348263 - Origem: FUBDados da última movimentação no SIPAT:Ano: 2020 Número: 1730 Matrícula Remetente: 9992242 Matrícula Recebedor: 9992241 Local Remetente: 188228 Local Recebedor: 188229 Tipo de Movimentacão: 6 Data: Fev 20 2020 10:59AM Justificativa: Devolução de bens no âmbito do contrato 034/2019 CebraspeDocumentos de Ingresso: TIPO DE DOC. INGRESSO: 132 NOTA FISCALEmpenho(s): EMPENHOS: Número: 903295 Data:Jul  8 2010 12:00AM;Em uso;EFETIVADO;;;;;;
UNB;110124_4394 - SALA COORDENAÇÃO ACADÊMICA / CEAD;ALICE MELO RIBEIRO;395570;MESA EM L;Bem MIGRADO do SIPAT: Registro: 395570 - Origem: FUBDados da última movimentação no SIPAT:Ano: 2020 Número: 2139 Matrícula Remetente: 9992242 Matrícula Recebedor: 9992241 Local Remetente: 188228 Local Recebedor: 188229 Tipo de Movimentacão: 6 Data: Fev 26 2020  5:29PM Justificativa: Devolução de bens do contrato 034/2019   CebraspeDocumentos de Ingresso: TIPO DE DOC. INGRESSO: 1558 NOTA FISCALEmpenho(s): EMPENHOS: Número: 802057 Data:Jul 31 2013 12:00AM;Em uso;EFETIVADO;;;;;;
UNB;110124_4394 - SALA COORDENAÇÃO ACADÊMICA / CEAD;ALICE MELO RIBEIRO;333064;MESA EM L;Bem MIGRADO do SIPAT: Registro: 333064 - Origem: FUBDados da última movimentação no SIPAT:Ano: 2020 Número: 1730 Matrícula Remetente: 9992242 Matrícula Recebedor: 9992241 Local Remetente: 188228 Local Recebedor: 188229 Tipo de Movimentacão: 6 Data: Fev 20 2020 10:59AM Justificativa: Devolução de bens no âmbito do contrato 034/2019 CebraspeDocumentos de Ingresso: TIPO DE DOC. INGRESSO: 521 NOTA FISCALEmpenho(s): EMPENHOS: Número: 902037 Data:Jul 18 2009 12:00AM;Em uso;EFETIVADO;;;;;;
UNB;110124_4393 - SALA CTIC / CEAD;ALICE MELO RIBEIRO;333073;MESA EM L;Bem MIGRADO do SIPAT: Registro: 333073 - Origem: FUBDados da última movimentação no SIPAT:Ano: 2020 Número: 2056 Matrícula Remetente: 9992242 Matrícula Recebedor: 9992241 Local Remetente: 188228 Local Recebedor: 188229 Tipo de Movimentacão: 6 Data: Fev 20 2020 10:59AM Justificativa: Devolução de bens do contrato 034/2019 CenbraspeDocumentos de Ingresso: TIPO DE DOC. INGRESSO: 521 NOTA FISCALEmpenho(s): EMPENHOS: Número: 902037 Data:Jul 18 2009 12:00AM;Em uso;ACAUTELADO;SEBASTIAO HENRIQUE DE BRITTO LOPES;;;;;
UNB;110124_4393 - SALA CTIC / CEAD;ALICE MELO RIBEIRO;333105;MESA EM L;Bem MIGRADO do SIPAT: Registro: 333105 - Origem: FUBDados da última movimentação no SIPAT:Ano: 2020 Número: 3090 Matrícula Remetente: 9992242 Matrícula Recebedor: 9992241 Local Remetente: 188228 Local Recebedor: 188229 Tipo de Movimentacão: 6 Data: Jun  4 2020  1:41AM Justificativa: Devolução de bens da Cessão Onerosa 01/2014Documentos de Ingresso: TIPO DE DOC. INGRESSO: 521 NOTA FISCALEmpenho(s): EMPENHOS: Número: 902037 Data:Jul 18 2009 12:00AM;Em uso;ACAUTELADO;SEBASTIAO HENRIQUE DE BRITTO LOPES;;;;;
UNB;110124_4393 - SALA CTIC / CEAD;ALICE MELO RIBEIRO;411443;MESA EM L;Bem MIGRADO do SIPAT: Registro: 411443 - Origem: FUBDados da última movimentação no SIPAT:Ano: 2020 Número: 3104 Matrícula Remetente: 9992242 Matrícula Recebedor: 9992241 Local Remetente: 188228 Local Recebedor: 188229 Tipo de Movimentacão: 6 Data: Jun  7 2020  1:31AM Justificativa: Devolução de bens do Contrato 034/2019 CebraspeDocumentos de Ingresso: TIPO DE DOC. INGRESSO: 983 NOTA FISCALEmpenho(s): EMPENHOS: Número: 903357 Data:Out  1 2009 12:00AM;Em uso;ACAUTELADO;SEBASTIAO HENRIQUE DE BRITTO LOPES;;;;;
UNB;110124_4392 - SALA DA COORD. PLANEJAMENTO E FINANANÇAS / CEAD;ALICE MELO RIBEIRO;333063;MESA EM L;Bem MIGRADO do SIPAT: Registro: 333063 - Origem: FUBDados da última movimentação no SIPAT:Ano: 2020 Número: 2056 Matrícula Remetente: 9992242 Matrícula Recebedor: 9992241 Local Remetente: 188228 Local Recebedor: 188229 Tipo de Movimentacão: 6 Data: Fev 20 2020 10:59AM Justificativa: Devolução de bens do contrato 034/2019 CenbraspeDocumentos de Ingresso: TIPO DE DOC. INGRESSO: 521 NOTA FISCALEmpenho(s): EMPENHOS: Número: 902037 Data:Jul 18 2009 12:00AM;Em uso;ACAUTELADO;BRENO MESQUITA DA SILVA;;;;;
UNB;110124_4400 - LABORATÓRIO DE PESQUISA E INOVAÇÃO DARCY RIBEIRO - LAPIDAR/CEAD;ALICE MELO RIBEIRO;333066;MESA EM L;Bem MIGRADO do SIPAT: Registro: 333066 - Origem: FUBDados da última movimentação no SIPAT:Ano: 2020 Número: 1730 Matrícula Remetente: 9992242 Matrícula Recebedor: 9992241 Local Remetente: 188228 Local Recebedor: 188229 Tipo de Movimentacão: 6 Data: Fev 20 2020 10:59AM Justificativa: Devolução de bens no âmbito do contrato 034/2019 CebraspeDocumentos de Ingresso: TIPO DE DOC. INGRESSO: 521 NOTA FISCALEmpenho(s): EMPENHOS: Número: 902037 Data:Jul 18 2009 12:00AM;Em uso;EFETIVADO;;;;;;
UNB;110124_4394 - SALA COORDENAÇÃO ACADÊMICA / CEAD;ALICE MELO RIBEIRO;333101;MESA EM L;Bem MIGRADO do SIPAT: Registro: 333101 - Origem: FUBDados da última movimentação no SIPAT:Ano: 2020 Número: 2139 Matrícula Remetente: 9992242 Matrícula Recebedor: 9992241 Local Remetente: 188228 Local Recebedor: 188229 Tipo de Movimentacão: 6 Data: Fev 26 2020  5:29PM Justificativa: Devolução de bens do contrato 034/2019   CebraspeDocumentos de Ingresso: TIPO DE DOC. INGRESSO: 521 NOTA FISCALEmpenho(s): EMPENHOS: Número: 902037 Data:Jul 18 2009 12:00AM;Em uso;EFETIVADO;;;;;;
UNB;110124_4391 - SALA DA SECRETARIA / CEAD;ALICE MELO RIBEIRO;333121;MESA EM L;Bem MIGRADO do SIPAT: Registro: 333121 - Origem: FUBDados da última movimentação no SIPAT:Ano: 2020 Número: 2056 Matrícula Remetente: 9992242 Matrícula Recebedor: 9992241 Local Remetente: 188228 Local Recebedor: 188229 Tipo de Movimentacão: 6 Data: Fev 20 2020 10:59AM Justificativa: Devolução de bens do contrato 034/2019 CenbraspeDocumentos de Ingresso: TIPO DE DOC. INGRESSO: 521 NOTA FISCALEmpenho(s): EMPENHOS: Número: 902037 Data:Jul 18 2009 12:00AM;Em uso;ACAUTELADO;;;;;;
UNB;110124_4393 - SALA CTIC / CEAD;ALICE MELO RIBEIRO;348261;MESA EM L;Bem MIGRADO do SIPAT: Registro: 348261 - Origem: FUBDados da última movimentação no SIPAT:Ano: 2020 Número: 2056 Matrícula Remetente: 9992242 Matrícula Recebedor: 9992241 Local Remetente: 188228 Local Recebedor: 188229 Tipo de Movimentacão: 6 Data: Fev 20 2020 10:59AM Justificativa: Devolução de bens do contrato 034/2019 CenbraspeDocumentos de Ingresso: TIPO DE DOC. INGRESSO: 132 NOTA FISCALEmpenho(s): EMPENHOS: Número: 903295 Data:Jul  8 2010 12:00AM;Em uso;ACAUTELADO;SEBASTIAO HENRIQUE DE BRITTO LOPES;;;;;
UNB;110124_4394 - SALA COORDENAÇÃO ACADÊMICA / CEAD;ALICE MELO RIBEIRO;348264;MESA EM L;Bem MIGRADO do SIPAT: Registro: 348264 - Origem: FUBDados da última movimentação no SIPAT:Ano: 2020 Número: 1730 Matrícula Remetente: 9992242 Matrícula Recebedor: 9992241 Local Remetente: 188228 Local Recebedor: 188229 Tipo de Movimentacão: 6 Data: Fev 20 2020 10:59AM Justificativa: Devolução de bens no âmbito do contrato 034/2019 CebraspeDocumentos de Ingresso: TIPO DE DOC. INGRESSO: 132 NOTA FISCALEmpenho(s): EMPENHOS: Número: 903295 Data:Jul  8 2010 12:00AM;Em uso;EFETIVADO;;;;;;
UNB;110124_4393 - SALA CTIC / CEAD;ALICE MELO RIBEIRO;329755;MESA EM L;Bem MIGRADO do SIPAT: Registro: 329755 - Origem: FUBDados da última movimentação no SIPAT:Ano: 2020 Número: 1730 Matrícula Remetente: 9992242 Matrícula Recebedor: 9992241 Local Remetente: 188228 Local Recebedor: 188229 Tipo de Movimentacão: 6 Data: Fev 20 2020 10:59AM Justificativa: Devolução de bens no âmbito do contrato 034/2019 CebraspeDocumentos de Ingresso: TIPO DE DOC. INGRESSO: 983 NOTA FISCALEmpenho(s): EMPENHOS: Número: 903357 Data:Out  1 2009 12:00AM;Em uso;ACAUTELADO;SEBASTIAO HENRIQUE DE BRITTO LOPES;;;;;
UNB;110124_4393 - SALA CTIC / CEAD;ALICE MELO RIBEIRO;333076;MESA EM L;Bem MIGRADO do SIPAT: Registro: 333076 - Origem: FUBDados da última movimentação no SIPAT:Ano: 2020 Número: 2056 Matrícula Remetente: 9992242 Matrícula Recebedor: 9992241 Local Remetente: 188228 Local Recebedor: 188229 Tipo de Movimentacão: 6 Data: Fev 20 2020 10:59AM Justificativa: Devolução de bens do contrato 034/2019 CenbraspeDocumentos de Ingresso: TIPO DE DOC. INGRESSO: 521 NOTA FISCALEmpenho(s): EMPENHOS: Número: 902037 Data:Jul 18 2009 12:00AM;Em uso;ACAUTELADO;SEBASTIAO HENRIQUE DE BRITTO LOPES;;;;;
UNB;110124_4394 - SALA COORDENAÇÃO ACADÊMICA / CEAD;ALICE MELO RIBEIRO;348239;MESA EM L;Bem MIGRADO do SIPAT: Registro: 348239 - Origem: FUBDados da última movimentação no SIPAT:Ano: 2020 Número: 1730 Matrícula Remetente: 9992242 Matrícula Recebedor: 9992241 Local Remetente: 188228 Local Recebedor: 188229 Tipo de Movimentacão: 6 Data: Fev 20 2020 10:59AM Justificativa: Devolução de bens no âmbito do contrato 034/2019 CebraspeDocumentos de Ingresso: TIPO DE DOC. INGRESSO: 132 NOTA FISCALEmpenho(s): EMPENHOS: Número: 903295 Data:Jul  8 2010 12:00AM;Em uso;EFETIVADO;;;;;;
UNB;110124_4394 - SALA COORDENAÇÃO ACADÊMICA / CEAD;ALICE MELO RIBEIRO;348846;MESA EM L;Bem MIGRADO do SIPAT: Registro: 348846 - Origem: FUBDados da última movimentação no SIPAT:Ano: 2020 Número: 2139 Matrícula Remetente: 9992242 Matrícula Recebedor: 9992241 Local Remetente: 188228 Local Recebedor: 188229 Tipo de Movimentacão: 6 Data: Fev 26 2020  5:29PM Justificativa: Devolução de bens do contrato 034/2019   CebraspeDocumentos de Ingresso: TIPO DE DOC. INGRESSO: 6111 NOTA FISCALEmpenho(s): EMPENHOS: Número: 1223 Data:Dez 18 2000 12:00AM;Em uso;EFETIVADO;;;;;;
UNB;110124_4382 - COORD. DO CURSO ADMINISTRAÇÃO PUBLICA/FACE/CEAD_187781;ALICE MELO RIBEIRO;302724;MESA EM L;Bem MIGRADO do SIPAT: Registro: 302724 - Origem: FUBDados da última movimentação no SIPAT:Ano: 2018 Número: 2232 Matrícula Remetente: 9992241 Matrícula Recebedor: 1036157 Local Remetente: 182720 Local Recebedor: 187781 Tipo de Movimentacão: 2 Data: Out 30 2018  1:25PM Justificativa: -Documentos de Ingresso: TIPO DE DOC. INGRESSO: 133 GUIA DE PRODUÇÃO INDUSTRIAL/PRCEmpenho(s):;Em uso;ACAUTELADO;LUIZ FERNANDO MACEDO BESSA;;;;;
UNB;110124_4398 - SALA ILHA DE EDIÇÃO / CEAD;ALICE MELO RIBEIRO;469717;MESA EM L;Bem MIGRADO do SIPAT: Registro: 469717 - Origem: FUBDados da última movimentação no SIPAT:Ano: 2019 Número: 9484 Matrícula Remetente: 1094122 Matrícula Recebedor: 1123220 Local Remetente: 191739 Local Recebedor: 191753 Tipo de Movimentacão: 2 Data: Jul 30 2019  3:02PM Justificativa:Documentos de Ingresso: TIPO DE DOC. INGRESSO: 86.756 NOTA FISCALEmpenho(s): EMPENHOS: Número: 801115 Data:Abr 18 2019 12:00AM;Em uso;ACAUTELADO;EDER DE SOUSA VASCONCELOS;;;;;
UNB;110124_4393 - SALA CTIC / CEAD;ALICE MELO RIBEIRO;333075;MESA EM L;Bem MIGRADO do SIPAT: Registro: 333075 - Origem: FUBDados da última movimentação no SIPAT:Ano: 2020 Número: 2056 Matrícula Remetente: 9992242 Matrícula Recebedor: 9992241 Local Remetente: 188228 Local Recebedor: 188229 Tipo de Movimentacão: 6 Data: Fev 20 2020 10:59AM Justificativa: Devolução de bens do contrato 034/2019 CenbraspeDocumentos de Ingresso: TIPO DE DOC. INGRESSO: 521 NOTA FISCALEmpenho(s): EMPENHOS: Número: 902037 Data:Jul 18 2009 12:00AM;Em uso;ACAUTELADO;SEBASTIAO HENRIQUE DE BRITTO LOPES;;;;;
UNB;110124_4392 - SALA DA COORD. PLANEJAMENTO E FINANANÇAS / CEAD;ALICE MELO RIBEIRO;329776;MESA EM L;Bem MIGRADO do SIPAT: Registro: 329776 - Origem: FUBDados da última movimentação no SIPAT:Ano: 2020 Número: 2296 Matrícula Remetente: 9992242 Matrícula Recebedor: 9992241 Local Remetente: 188228 Local Recebedor: 188229 Tipo de Movimentacão: 6 Data: Fev 28 2020  5:04PM Justificativa: devolução de bens do contrto 034/2019 CebraspeDocumentos de Ingresso: TIPO DE DOC. INGRESSO: 983 NOTA FISCALEmpenho(s): EMPENHOS: Número: 903357 Data:Out  1 2009 12:00AM;Em uso;ACAUTELADO;BRENO MESQUITA DA SILVA;;;;;
UNB;110124_4393 - SALA CTIC / CEAD;ALICE MELO RIBEIRO;333035;MESA EM L;Bem MIGRADO do SIPAT: Registro: 333035 - Origem: FUBDados da última movimentação no SIPAT:Ano: 2020 Número: 2056 Matrícula Remetente: 9992242 Matrícula Recebedor: 9992241 Local Remetente: 188228 Local Recebedor: 188229 Tipo de Movimentacão: 6 Data: Fev 20 2020 10:59AM Justificativa: Devolução de bens do contrato 034/2019 CenbraspeDocumentos de Ingresso: TIPO DE DOC. INGRESSO: 521 NOTA FISCALEmpenho(s): EMPENHOS: Número: 902037 Data:Jul 18 2009 12:00AM;Em uso;ACAUTELADO;SEBASTIAO HENRIQUE DE BRITTO LOPES;;;;;
UNB;110124_4391 - SALA DA SECRETARIA / CEAD;ALICE MELO RIBEIRO;333061;MESA EM L;Bem MIGRADO do SIPAT: Registro: 333061 - Origem: FUBDados da última movimentação no SIPAT:Ano: 2020 Número: 1730 Matrícula Remetente: 9992242 Matrícula Recebedor: 9992241 Local Remetente: 188228 Local Recebedor: 188229 Tipo de Movimentacão: 6 Data: Fev 20 2020 10:59AM Justificativa: Devolução de bens no âmbito do contrato 034/2019 CebraspeDocumentos de Ingresso: TIPO DE DOC. INGRESSO: 521 NOTA FISCALEmpenho(s): EMPENHOS: Número: 902037 Data:Jul 18 2009 12:00AM;Em uso;EFETIVADO;;;;;;
UNB;110124_4394 - SALA COORDENAÇÃO ACADÊMICA / CEAD;ALICE MELO RIBEIRO;348256;MESA EM L;Bem MIGRADO do SIPAT: Registro: 348256 - Origem: FUBDados da última movimentação no SIPAT:Ano: 2020 Número: 1730 Matrícula Remetente: 9992242 Matrícula Recebedor: 9992241 Local Remetente: 188228 Local Recebedor: 188229 Tipo de Movimentacão: 6 Data: Fev 20 2020 10:59AM Justificativa: Devolução de bens no âmbito do contrato 034/2019 CebraspeDocumentos de Ingresso: TIPO DE DOC. INGRESSO: 132 NOTA FISCALEmpenho(s): EMPENHOS: Número: 903295 Data:Jul  8 2010 12:00AM;Em uso;EFETIVADO;;;;;;
UNB;110124_4393 - SALA CTIC / CEAD;ALICE MELO RIBEIRO;333072;MESA EM L;Bem MIGRADO do SIPAT: Registro: 333072 - Origem: FUBDados da última movimentação no SIPAT: NÃO HOUVE MOVIMENTAÇÃODocumentos de Ingresso: TIPO DE DOC. INGRESSO: 521 NOTA FISCALEmpenho(s): EMPENHOS: Número: 902037 Data:Jul 18 2009 12:00AM;Em uso;ACAUTELADO;SEBASTIAO HENRIQUE DE BRITTO LOPES;;;;;
UNB;110124_4386 - SALA DE REUNIÃO / CEAD;ALICE MELO RIBEIRO;2023009659;"MESA EM ""L"" 1600X1600X740 PTO";-PROCESSO DE EMPENHO SEI: 23106.028916/2023-46 *2023NE535-PROCESSO DE PAGAMENTO SEI: 23106.055288/2023-71-UNIDADE REQUISITANTE: CENTRO DE EDUCACAO A DISTANCIA (11.01.24)-NF: 1890 SÉRIE: 1 DATA:26/05/2023;Em uso;EFETIVADO;;;;;;
UNB;110124_4398 - SALA ILHA DE EDIÇÃO / CEAD;ALICE MELO RIBEIRO;367240;MESA/ESTACAO DE TRABALHO;Bem MIGRADO do SIPAT: Registro: 367240 - Origem: FEPADDados da última movimentação no SIPAT:Ano: 2019 Número: 6677 Matrícula Remetente: 1036581 Matrícula Recebedor: 1094122 Local Remetente: 185143 Local Recebedor: 191740 Tipo de Movimentacão: 2 Data: Jun 27 2019  1:39PM Justificativa:Documentos de Ingresso: TIPO DE DOC. INGRESSO: 2404 NOTA FISCAL | 151 ATO DO DECANATO DE ADMINISTRAÇÃOEmpenho(s):;Em uso;EFETIVADO;;;;;;
UNB;110124_4385 - SALA DA ASSESSORIA DA UAB / CEAD;ALICE MELO RIBEIRO;367241;MESA/ESTACAO DE TRABALHO;Bem MIGRADO do SIPAT: Registro: 367241 - Origem: FEPADDados da última movimentação no SIPAT:Ano: 2019 Número: 7179 Matrícula Remetente: 1047931 Matrícula Recebedor: 1043633 Local Remetente: 133728 Local Recebedor: 191748 Tipo de Movimentacão: 2 Data: Jun 28 2019 10:36AM Justificativa:Documentos de Ingresso: TIPO DE DOC. INGRESSO: 2404 NOTA FISCAL | 151 ATO DO DECANATO DE ADMINISTRAÇÃOEmpenho(s):;Em uso;EFETIVADO;;;;;;
UNB;;;2025003236 (BEM DE TERCEIRO);- MESA HEXAGONAL + 40CM DE ALTURA; ESTRUTURA EM TURBO 20X20 PRETA  -BENS DE 3°:12332 A 13246;NÃO INFORMADA;Em uso;EFETIVADO;;;;;
UNB;;;2025003237 (BEM DE TERCEIRO);- MESA HEXAGONAL + 40CM DE ALTURA; ESTRUTURA EM TURBO 20X20 PRETA  -BENS DE 3°:12332 A 13246;NÃO INFORMADA;Em uso;EFETIVADO;;;;;
UNB;;;2025003238 (BEM DE TERCEIRO);- MESA HEXAGONAL + 50CM DE ALTURA; ESTRUTURA EM TURBO 20X20 PRETA  -BENS DE 3°:12332 A 13246;NÃO INFORMADA;Em uso;EFETIVADO;;;;;
UNB;;;2025003239 (BEM DE TERCEIRO);- MESA HEXAGONAL + 50CM DE ALTURA; ESTRUTURA EM TURBO 20X20 PRETA  -BENS DE 3°:12332 A 13246;NÃO INFORMADA;Em uso;EFETIVADO;;;;;
UNB;;;2025003240 (BEM DE TERCEIRO);- MESA HEXAGONAL + 60CM DE ALTURA; ESTRUTURA EM TURBO 20X20 PRETA  -BENS DE 3°:12332 A 13246;NÃO INFORMADA;Em uso;EFETIVADO;;;;;
UNB;110124_4391 - SALA DA SECRETARIA / CEAD;ALICE MELO RIBEIRO;2022003389;MESA; L;"-MESA EM ""L""-PATRIMÔNIO ANTERIOR: 329778";NÃO INFORMADA;Em uso;;;;;
UNB;110124_4384 - SALA DA DIREÇÃO / CEAD;ALICE MELO RIBEIRO;404612;MESA P/MICROCOMPUTADOR/RACK;Bem MIGRADO do SIPAT: Registro: 404612 - Origem: FUBDados da última movimentação no SIPAT:Ano: 2019 Número: 9588 Matrícula Remetente: 1036581 Matrícula Recebedor: 1094122 Local Remetente: 185143 Local Recebedor: 191739 Tipo de Movimentacão: 2 Data: Jul 31 2019 11:14AM Justificativa:Documentos de Ingresso: TIPO DE DOC. INGRESSO: 329 NOTA FISCALEmpenho(s): EMPENHOS: Número: 1237 Data:Nov  8 1999 12:00AM;Em uso;EFETIVADO;;;;;;
UNB;110124_4375 - UNIVERSIDADE ABERTA DO BRASIL/CEAD_185501;ALICE MELO RIBEIRO;291384;MESA P/REUNIAO;Bem MIGRADO do SIPAT: Registro: 291384 - Origem: FUBDados da última movimentação no SIPAT:Ano: 2012 Número: 12815 Matrícula Remetente: 1042459 Matrícula Recebedor: 713546 Local Remetente: 185501 Local Recebedor: 185501 Tipo de Movimentacão: 2 Data: Dez 17 2012 10:39AM Justificativa:Documentos de Ingresso: TIPO DE DOC. INGRESSO: 3224 NOTA FISCALEmpenho(s): EMPENHOS: Número: 913630 Data:Dez 31 2008 12:00AM;Em uso;ACAUTELADO;RUI SEIMETZ;;;;;
UNB;110124_4384 - SALA DA DIREÇÃO / CEAD;ALICE MELO RIBEIRO;367248;MESA P/REUNIAO;Bem MIGRADO do SIPAT: Registro: 367248 - Origem: FEPADDados da última movimentação no SIPAT:Ano: 2019 Número: 6664 Matrícula Remetente: 1036581 Matrícula Recebedor: 1094122 Local Remetente: 185143 Local Recebedor: 191739 Tipo de Movimentacão: 2 Data: Jun 27 2019  1:38PM Justificativa:Documentos de Ingresso: TIPO DE DOC. INGRESSO: 2404 NOTA FISCAL | 151 ATO DO DECANATO DE ADMINISTRAÇÃOEmpenho(s):;Em uso;EFETIVADO;;;;;;
UNB;110124_4396 - SALA ESTÚDIO DE GRAVAÇÃO / CEAD;ALICE MELO RIBEIRO;2022008865;-MESA REDONDA -PATRIMÔNIO ANTERIOR: 332967;-INVENTÁRIO PATRIMONIAL-SEI: 23106.124498/2022-36;Em uso;EFETIVADO;;;;;;
UNB;;;2025003226 (BEM DE TERCEIRO);- MESA RETA 100LX60PX75A ESTRUTURA EM TUBO 40X40(1;20) TAMPO MDP 25MM CARVALHO AVELA E DOIS RODIZIOS DIANTEIROS E SAPATAS NA PARTE DE TRAZ -BENS DE 3°:12332 A 13246;NÃO INFORMADA;Em uso;EFETIVADO;;;;;
UNB;;;2025003227 (BEM DE TERCEIRO);- MESA RETA 100LX60PX75A ESTRUTURA EM TUBO 40X40(1;20) TAMPO MDP 25MM CARVALHO AVELA E DOIS RODIZIOS DIANTEIROS E SAPATAS NA PARTE DE TRAZ -BENS DE 3°:12332 A 13246;NÃO INFORMADA;Em uso;EFETIVADO;;;;;
UNB;;;2025003228 (BEM DE TERCEIRO);- MESA RETA 100LX60PX75A ESTRUTURA EM TUBO 40X40(1;20) TAMPO MDP 25MM CARVALHO AVELA E DOIS RODIZIOS DIANTEIROS E SAPATAS NA PARTE DE TRAZ -BENS DE 3°:12332 A 13246;NÃO INFORMADA;Em uso;EFETIVADO;;;;;
UNB;;;2025003229 (BEM DE TERCEIRO);- MESA RETA 100LX60PX75A ESTRUTURA EM TUBO 40X40(1;20) TAMPO MDP 25MM CARVALHO AVELA E DOIS RODIZIOS DIANTEIROS E SAPATAS NA PARTE DE TRAZ -BENS DE 3°:12332 A 13246;NÃO INFORMADA;Em uso;EFETIVADO;;;;;
UNB;;;2025003230 (BEM DE TERCEIRO);- MESA RETA 100LX60PX75A ESTRUTURA EM TUBO 40X40(1;20) TAMPO MDP 25MM CARVALHO AVELA E DOIS RODIZIOS DIANTEIROS E SAPATAS NA PARTE DE TRAZ -BENS DE 3°:12332 A 13246;NÃO INFORMADA;Em uso;EFETIVADO;;;;;
UNB;;;2025003231 (BEM DE TERCEIRO);- MESA RETA 100LX60PX75A ESTRUTURA EM TUBO 40X40(1;20) TAMPO MDP 25MM CARVALHO AVELA E DOIS RODIZIOS DIANTEIROS E SAPATAS NA PARTE DE TRAZ -BENS DE 3°:12332 A 13246;NÃO INFORMADA;Em uso;EFETIVADO;;;;;
UNB;;;2025003232 (BEM DE TERCEIRO);- MESA RETA 100LX60PX75A ESTRUTURA EM TUBO 40X40(1;20) TAMPO MDP 25MM CARVALHO AVELA E DOIS RODIZIOS DIANTEIROS E SAPATAS NA PARTE DE TRAZ -BENS DE 3°:12332 A 13246;NÃO INFORMADA;Em uso;EFETIVADO;;;;;
UNB;;;2025003233 (BEM DE TERCEIRO);- MESA RETA 100LX60PX75A ESTRUTURA EM TUBO 40X40(1;20) TAMPO MDP 25MM CARVALHO AVELA E DOIS RODIZIOS DIANTEIROS E SAPATAS NA PARTE DE TRAZ -BENS DE 3°:12332 A 13246;NÃO INFORMADA;Em uso;EFETIVADO;;;;;
UNB;;;2025003234 (BEM DE TERCEIRO);- MESA RETA 100LX60PX75A ESTRUTURA EM TUBO 40X40(1;20) TAMPO MDP 25MM CARVALHO AVELA E DOIS RODIZIOS DIANTEIROS E SAPATAS NA PARTE DE TRAZ -BENS DE 3°:12332 A 13246;NÃO INFORMADA;Em uso;EFETIVADO;;;;;
UNB;;;2025003235 (BEM DE TERCEIRO);- MESA RETA 100LX60PX75A ESTRUTURA EM TUBO 40X40(1;20) TAMPO MDP 25MM CARVALHO AVELA E DOIS RODIZIOS DIANTEIROS E SAPATAS NA PARTE DE TRAZ -BENS DE 3°:12332 A 13246;NÃO INFORMADA;Em uso;EFETIVADO;;;;;
UNB;110124_4396 - SALA ESTÚDIO DE GRAVAÇÃO / CEAD;ALICE MELO RIBEIRO;413709;MESA RETANGULAR;Bem MIGRADO do SIPAT: Registro: 413709 - Origem: FUBDados da última movimentação no SIPAT:Ano: 2019 Número: 9417 Matrícula Remetente: 1043391 Matrícula Recebedor: 1116100 Local Remetente: 185501 Local Recebedor: 191754 Tipo de Movimentacão: 2 Data: Ago  6 2019 10:40AM Justificativa:Documentos de Ingresso: TIPO DE DOC. INGRESSO: 20355 NOTA FISCALEmpenho(s): EMPENHOS: Número: 806138 Data:Nov  5 2013 12:00AM;Em uso;ACAUTELADO;;;;;;
UNB;110124_4375 - UNIVERSIDADE ABERTA DO BRASIL/CEAD_185501;ALICE MELO RIBEIRO;302988;MESA RETANGULAR;Bem MIGRADO do SIPAT: Registro: 302988 - Origem: FUBDados da última movimentação no SIPAT:Ano: 2012 Número: 12815 Matrícula Remetente: 1042459 Matrícula Recebedor: 713546 Local Remetente: 185501 Local Recebedor: 185501 Tipo de Movimentacão: 2 Data: Dez 17 2012 10:39AM Justificativa:Documentos de Ingresso: TIPO DE DOC. INGRESSO: 1032 NOTA FISCALEmpenho(s): EMPENHOS: Número: 902141 Data:Abr 13 2009 12:00AM;Em uso;ACAUTELADO;RUI SEIMETZ;;;;;
UNB;110124_4381 - COORD.DO CURSO DE LETRAS-LIP/CEAD_186773;ALICE MELO RIBEIRO;358152;MESA RETANGULAR;Bem MIGRADO do SIPAT: Registro: 358152 - Origem: FUBDados da última movimentação no SIPAT:Ano: 2012 Número: 6098 Matrícula Remetente:  Matrícula Recebedor: 1015826 Local Remetente:  Local Recebedor: 186773 Tipo de Movimentacão: 1 Data: Mai 23 2012 11:10AM Justificativa:Documentos de Ingresso: TIPO DE DOC. INGRESSO: 03743 NOTA FISCALEmpenho(s): EMPENHOS: Número: 908162 Data:Dez  3 2010 12:00AM;Em uso;ACAUTELADO;JANAINA DE AQUINO FERRAZ;;;;;
UNB;110124_4380 - COORD.DO CURSO DE MÚSICA-MUS/CEAD_186231;ALICE MELO RIBEIRO;347252;MESA RETANGULAR;Bem MIGRADO do SIPAT: Registro: 347252 - Origem: FUBDados da última movimentação no SIPAT:Ano: 2011 Número: 6857 Matrícula Remetente: 1039237 Matrícula Recebedor: 1044800 Local Remetente: 186231 Local Recebedor: 186231 Tipo de Movimentacão: 2 Data: Ago  1 2011  8:12AM Justificativa:Documentos de Ingresso: TIPO DE DOC. INGRESSO: 9648 NOTA FISCALEmpenho(s): EMPENHOS: Número: 914932 Data:Dez  8 2009 12:00AM;Em uso;EFETIVADO;;;;;;
UNB;110124_4396 - SALA ESTÚDIO DE GRAVAÇÃO / CEAD;ALICE MELO RIBEIRO;413710;MESA RETANGULAR;Bem MIGRADO do SIPAT: Registro: 413710 - Origem: FUBDados da última movimentação no SIPAT:Ano: 2019 Número: 8057 Matrícula Remetente: 1043391 Matrícula Recebedor: 1094122 Local Remetente: 185501 Local Recebedor: 191741 Tipo de Movimentacão: 2 Data: Jul  9 2019  3:52PM Justificativa:Documentos de Ingresso: TIPO DE DOC. INGRESSO: 20355 NOTA FISCALEmpenho(s): EMPENHOS: Número: 806138 Data:Nov  5 2013 12:00AM;Em uso;EFETIVADO;;;;;;
UNB;110124_4386 - SALA DE REUNIÃO / CEAD;ALICE MELO RIBEIRO;2023002903;MESA REUNIÃO;-PROCESSO DE EMPENHO SEI: 23106.018754/2023-38 *2023NE415-PROCESSO DE PAGAMENTO SEI: 23106.018754/2023-38-UNIDADE REQUISITANTE: CENTRO DE EDUCACAO A DISTANCIA (11.01.24)-NF: 1738 SÉRIE: 1 DATA: 12/04/2023;Em uso;EFETIVADO;;;;;;
UNB;110124_4393 - SALA CTIC / CEAD;ALICE MELO RIBEIRO;2022003390;MESA; REUNIÃO;"-INVENTÁRIO PATRIMONIAL -SEI: 23106.091537/2021-21-SEI: ""7959653""-PATRIMÔNIO ANTERIOR: 332738-NF: 756 DATA: 25/02/2009";-MESA REDONDA -PATRIMÔNIO ANTERIOR: 332738;MARELLI;;;;;
UNB;;;2024009375 (BEM DE TERCEIRO);MESA TRAPEZOIDAL BENS DE 3°- 10955;PROJETO FINATEC 52108/2024BENS DE 3°- 10955COORDENADOR(A): LETICIA LOPES LEITESEI:23106.107730/2024-33N/F: 2016 SERIE:001;Em uso;EFETIVADO;;;;;;
UNB;;;2024009346 (BEM DE TERCEIRO);MESA TRAPEZOIDAL BENS DE 3°- 10956;PROJETO FINATEC 52108/2024BENS DE 3°- 10956COORDENADOR(A): LETICIA LOPES LEITESEI:23106.107730/2024-33N/F: 2016 SERIE:001;Em uso;EFETIVADO;;;;;;
UNB;;;2024009347 (BEM DE TERCEIRO);MESA TRAPEZOIDAL BENS DE 3°- 10957;PROJETO FINATEC 52108/2024BENS DE 3°- 10957COORDENADOR(A): LETICIA LOPES LEITESEI:23106.107730/2024-33N/F: 2016 SERIE:001;Em uso;EFETIVADO;;;;;;
UNB;;;2024009348 (BEM DE TERCEIRO);MESA TRAPEZOIDAL BENS DE 3°- 10958;PROJETO FINATEC 52108/2024BENS DE 3°- 10958COORDENADOR(A): LETICIA LOPES LEITESEI:23106.107730/2024-33N/F: 2016 SERIE:001;Em uso;EFETIVADO;;;;;;
UNB;;;2024009349 (BEM DE TERCEIRO);MESA TRAPEZOIDAL BENS DE 3°- 10959;PROJETO FINATEC 52108/2024BENS DE 3°- 10959COORDENADOR(A): LETICIA LOPES LEITESEI:23106.107730/2024-33N/F: 2016 SERIE:001;Em uso;EFETIVADO;;;;;;
UNB;;;2024009350 (BEM DE TERCEIRO); MESA TRAPEZOIDAL BENS DE 3°- 10960;PROJETO FINATEC 52108/2024BENS DE 3°- 10960COORDENADOR(A): LETICIA LOPES LEITESEI:23106.107730/2024-33N/F: 2016 SERIE:001;Em uso;EFETIVADO;;;;;;
UNB;;;2024009351 (BEM DE TERCEIRO);MESA TRAPEZOIDAL BENS DE 3°- 10961;PROJETO FINATEC 52108/2024BENS DE 3°- 10961COORDENADOR(A): LETICIA LOPES LEITESEI:23106.107730/2024-33N/F: 2016 SERIE:001;Em uso;EFETIVADO;;;;;;
UNB;;;2024009352 (BEM DE TERCEIRO);MESA TRAPEZOIDAL BENS DE 3°- 10962;PROJETO FINATEC 52108/2024BENS DE 3°- 10962COORDENADOR(A): LETICIA LOPES LEITESEI:23106.107730/2024-33N/F: 2016 SERIE:001;Em uso;EFETIVADO;;;;;;
UNB;;;2024009353 (BEM DE TERCEIRO);MESA TRAPEZOIDAL BENS DE 3°- 10963;PROJETO FINATEC 52108/2024BENS DE 3°- 10963COORDENADOR(A): LETICIA LOPES LEITESEI:23106.107730/2024-33N/F: 2016 SERIE:001;Em uso;EFETIVADO;;;;;;
UNB;;;2024009354 (BEM DE TERCEIRO);MESA TRAPEZOIDAL BENS DE 3°- 10964;PROJETO FINATEC 52108/2024BENS DE 3°- 10964COORDENADOR(A): LETICIA LOPES LEITESEI:23106.107730/2024-33N/F: 2016 SERIE:001;Em uso;EFETIVADO;;;;;;
UNB;;;2024009355 (BEM DE TERCEIRO);MESA TRAPEZOIDAL BENS DE 3°- 10965;PROJETO FINATEC 52108/2024BENS DE 3°- 10965COORDENADOR(A): LETICIA LOPES LEITESEI:23106.107730/2024-33N/F: 2016 SERIE:001;Em uso;EFETIVADO;;;;;;
UNB;;;2024009356 (BEM DE TERCEIRO);MESA TRAPEZOIDAL BENS DE 3°- 10966;PROJETO FINATEC 52108/2024BENS DE 3°- 10966COORDENADOR(A): LETICIA LOPES LEITESEI:23106.107730/2024-33N/F: 2016 SERIE:001;Em uso;EFETIVADO;;;;;;
UNB;;;2024009357 (BEM DE TERCEIRO);MESA TRAPEZOIDAL BENS DE 3°- 10967;PROJETO FINATEC 52108/2024BENS DE 3°- 10967COORDENADOR(A): LETICIA LOPES LEITESEI:23106.107730/2024-33N/F: 2016 SERIE:001;Em uso;EFETIVADO;;;;;;
UNB;;;2024009358 (BEM DE TERCEIRO);MESA TRAPEZOIDAL BENS DE 3°- 10968;PROJETO FINATEC 52108/2024BENS DE 3°- 10968COORDENADOR(A): LETICIA LOPES LEITESEI:23106.107730/2024-33N/F: 2016 SERIE:001;Em uso;EFETIVADO;;;;;;
UNB;;;2024009359 (BEM DE TERCEIRO);MESA TRAPEZOIDAL BENS DE 3°- 10969;PROJETO FINATEC 52108/2024BENS DE 3°- 10969COORDENADOR(A): LETICIA LOPES LEITESEI:23106.107730/2024-33N/F: 2016 SERIE:001;Em uso;EFETIVADO;;;;;;
UNB;;;2024009360 (BEM DE TERCEIRO);MESA TRAPEZOIDAL BENS DE 3°- 10970;PROJETO FINATEC 52108/2024BENS DE 3°- 10970COORDENADOR(A): LETICIA LOPES LEITESEI:23106.107730/2024-33N/F: 2016 SERIE:001;Em uso;EFETIVADO;;;;;;
UNB;;;2024009361 (BEM DE TERCEIRO);MESA TRAPEZOIDAL BENS DE 3°- 10971;PROJETO FINATEC 52108/2024BENS DE 3°- 10971COORDENADOR(A): LETICIA LOPES LEITESEI:23106.107730/2024-33N/F: 2016 SERIE:001;Em uso;EFETIVADO;;;;;;
UNB;;;2024009362 (BEM DE TERCEIRO);MESA TRAPEZOIDAL BENS DE 3°- 10972;PROJETO FINATEC 52108/2024BENS DE 3°- 10972COORDENADOR(A): LETICIA LOPES LEITESEI:23106.107730/2024-33N/F: 2016 SERIE:001;Em uso;EFETIVADO;;;;;;
UNB;;;2024009363 (BEM DE TERCEIRO);MESA TRAPEZOIDAL BENS DE 3°- 10973;PROJETO FINATEC 52108/2024BENS DE 3°- 10973COORDENADOR(A): LETICIA LOPES LEITESEI:23106.107730/2024-33N/F: 2016 SERIE:001;Em uso;EFETIVADO;;;;;;
UNB;;;2024009364 (BEM DE TERCEIRO);MESA TRAPEZOIDAL BENS DE 3°- 10974;PROJETO FINATEC 52108/2024BENS DE 3°- 10974COORDENADOR(A): LETICIA LOPES LEITESEI:23106.107730/2024-33N/F: 2016 SERIE:001;Em uso;EFETIVADO;;;;;;
UNB;;;2024009365 (BEM DE TERCEIRO);MESA TRAPEZOIDAL BENS DE 3°- 10975;OBSERVAÇÃO DO TERMOPROJETO FINATEC 52108/2024BENS DE 3°- 10975COORDENADOR(A): LETICIA LOPES LEITESEI:23106.107730/2024-33N/F: 2016 SERIE:001;Em uso;EFETIVADO;;;;;;
UNB;;;2024009366 (BEM DE TERCEIRO);MESA TRAPEZOIDAL BENS DE 3°- 10976;PROJETO FINATEC 52108/2024BENS DE 3°- 10976COORDENADOR(A): LETICIA LOPES LEITESEI:23106.107730/2024-33N/F: 2016 SERIE:001;Em uso;EFETIVADO;;;;;;
UNB;;;2024009367 (BEM DE TERCEIRO);MESA TRAPEZOIDAL BENS DE 3°- 10977;PROJETO FINATEC 52108/2024BENS DE 3°- 10977COORDENADOR(A): LETICIA LOPES LEITESEI:23106.107730/2024-33N/F: 2016 SERIE:001;Em uso;EFETIVADO;;;;;;
UNB;;;2024009368 (BEM DE TERCEIRO);MESA TRAPEZOIDAL BENS DE 3°- 10978;PROJETO FINATEC 52108/2024BENS DE 3°- 10978COORDENADOR(A): LETICIA LOPES LEITESEI:23106.107730/2024-33N/F: 2016 SERIE:001;Em uso;EFETIVADO;;;;;;
UNB;;;2024009369 (BEM DE TERCEIRO);MESA TRAPEZOIDAL BENS DE 3°- 10979;PROJETO FINATEC 52108/2024BENS DE 3°- 10979COORDENADOR(A): LETICIA LOPES LEITESEI:23106.107730/2024-33N/F: 2016 SERIE:001;Em uso;EFETIVADO;;;;;;
UNB;;;2024009370 (BEM DE TERCEIRO);MESA TRAPEZOIDAL BENS DE 3°- 10980;PROJETO FINATEC 52108/2024BENS DE 3°- 10980COORDENADOR(A): LETICIA LOPES LEITESEI:23106.107730/2024-33N/F: 2016 SERIE:001;Em uso;EFETIVADO;;;;;;
UNB;;;2024009371 (BEM DE TERCEIRO);MESA TRAPEZOIDAL BENS DE 3°- 10981;PROJETO FINATEC 52108/2024BENS DE 3°- 10981COORDENADOR(A): LETICIA LOPES LEITESEI:23106.107730/2024-33N/F: 2016 SERIE:001;Em uso;EFETIVADO;;;;;;
UNB;;;2024009372 (BEM DE TERCEIRO);MESA TRAPEZOIDAL BENS DE 3°- 10982;PROJETO FINATEC 52108/2024BENS DE 3°- 10982COORDENADOR(A): LETICIA LOPES LEITESEI:23106.107730/2024-33N/F: 2016 SERIE:001;Em uso;EFETIVADO;;;;;;
UNB;;;2024009373 (BEM DE TERCEIRO);MESA TRAPEZOIDAL BENS DE 3°- 10983;PROJETO FINATEC 52108/2024BENS DE 3°- 10983COORDENADOR(A): LETICIA LOPES LEITESEI:23106.107730/2024-33N/F: 2016 SERIE:001;Em uso;EFETIVADO;;;;;;
UNB;;;2024009374 (BEM DE TERCEIRO);MESA TRAPEZOIDAL BENS DE 3°- 10984;PROJETO FINATEC 52108/2024BENS DE 3°- 10984COORDENADOR(A): LETICIA LOPES LEITESEI:23106.107730/2024-33N/F: 2016 SERIE:001;Em uso;EFETIVADO;;;;;;
UNB;110124_4393 - SALA CTIC / CEAD;ALICE MELO RIBEIRO;2022000998;MICROCOMPUTADOR; CPUN/S:  BRG149F9S6;HP;Em uso;ACAUTELADO;;;;;
UNB;110124_4393 - SALA CTIC / CEAD;ALICE MELO RIBEIRO;2022000993;MICROCOMPUTADOR; CPUN/S:  BRG149F9SW;HP;Em uso;ACAUTELADO;;;;;
UNB;110124_4393 - SALA CTIC / CEAD;ALICE MELO RIBEIRO;2022000997;MICROCOMPUTADOR; CPUN/S:  BRG149F9VW;HP;Em uso;ACAUTELADO;;;;;
UNB;110124_4393 - SALA CTIC / CEAD;ALICE MELO RIBEIRO;2022000994;MICROCOMPUTADOR; CPUN/S:  BRG149F9W0;HP;Em uso;ACAUTELADO;;;;;
UNB;110124_4393 - SALA CTIC / CEAD;ALICE MELO RIBEIRO;2022000995;MICROCOMPUTADOR; CPUN/S:  BRG149F9Y2;HP;Em uso;ACAUTELADO;;;;;
UNB;110124_4393 - SALA CTIC / CEAD;ALICE MELO RIBEIRO;2022000992;MICROCOMPUTADOR; CPUN/S:  BRG149F9YW;HP;Em uso;ACAUTELADO;;;;;
UNB;110124_4393 - SALA CTIC / CEAD;ALICE MELO RIBEIRO;2022000996;MICROCOMPUTADOR; CPUN/S:  BRG149FB0C;HP;Em uso;ACAUTELADO;;;;;
UNB;110124_4398 - SALA ILHA DE EDIÇÃO / CEAD;ALICE MELO RIBEIRO;2024000797 (BEM DE TERCEIRO);MICROCOMPUTADOR DELL ALIENWARE R15;-PROCESSO FINATEC:55023/2023-BEM DE TERCEIRO: 8650-COORDENADOR:LETICIA LOPES LEITE-SEI:23106.005460/2024-27-NF:1535 SÉRIE:1 DATA:16/01/2024;Em uso;ACAUTELADO;EDER DE SOUSA VASCONCELOS;;;;;
UNB;110124_4393 - SALA CTIC / CEAD;ALICE MELO RIBEIRO;306008;MICROCOMPUTADOR (NOTEBOOK);Bem MIGRADO do SIPAT: Registro: 306008 - Origem: FUBDados da última movimentação no SIPAT:Ano: 2019 Número: 7177 Matrícula Remetente: 1036581 Matrícula Recebedor: 1043633 Local Remetente: 185143 Local Recebedor: 191748 Tipo de Movimentacão: 2 Data: Jun 28 2019 10:36AM Justificativa:Documentos de Ingresso: TIPO DE DOC. INGRESSO: 11939 NOTA FISCALEmpenho(s): EMPENHOS: Número: 905761 Data:Jul 17 2009 12:00AM;Em uso;ACAUTELADO;LUIS MARCOS MARTINS DO NASCIMENTO;;;;;
UNB;110124_4393 - SALA CTIC / CEAD;ALICE MELO RIBEIRO;369479;MICROCOMPUTADOR (NOTEBOOK);Bem MIGRADO do SIPAT: Registro: 369479 - Origem: FUBDados da última movimentação no SIPAT:Ano: 2019 Número: 7176 Matrícula Remetente: 713546 Matrícula Recebedor: 1043633 Local Remetente: 185501 Local Recebedor: 191748 Tipo de Movimentacão: 2 Data: Jun 28 2019 10:36AM Justificativa:Documentos de Ingresso: TIPO DE DOC. INGRESSO: 26341 NOTA FISCALEmpenho(s): EMPENHOS: Número: 808627 Data:Dez  3 2011 12:00AM;Em uso;ACAUTELADO;LUIS MARCOS MARTINS DO NASCIMENTO;;;;;
UNB;110124_4381 - COORD.DO CURSO DE LETRAS-LIP/CEAD_186773;ALICE MELO RIBEIRO;303648;MICROCOMPUTADOR (NOTEBOOK);Bem MIGRADO do SIPAT: Registro: 303648 - Origem: FUBDados da última movimentação no SIPAT:Ano: 2012 Número: 1250 Matrícula Remetente: 150401 Matrícula Recebedor: 1015826 Local Remetente: 185740 Local Recebedor: 186773 Tipo de Movimentacão: 3 Data: Mar  2 2012  9:47AM Justificativa:Documentos de Ingresso: TIPO DE DOC. INGRESSO: 128.538 NOTA FISCALEmpenho(s): EMPENHOS: Número: 913643 Data:Dez 31 2008 12:00AM;Em uso;ACAUTELADO;JANAINA DE AQUINO FERRAZ;;;;;
UNB;110124_4375 - UNIVERSIDADE ABERTA DO BRASIL/CEAD_185501;ALICE MELO RIBEIRO;428254;MICROCOMPUTADOR (NOTEBOOK);Bem MIGRADO do SIPAT: Registro: 428254 - Origem: FUBDados da última movimentação no SIPAT:Ano: 2015 Número: 913 Matrícula Remetente:  Matrícula Recebedor: 1043391 Local Remetente:  Local Recebedor: 185501 Tipo de Movimentacão: 1 Data: Dez 11 2018  5:51PM Justificativa:Documentos de Ingresso: TIPO DE DOC. INGRESSO: 44474 NOTA FISCALEmpenho(s): EMPENHOS: Número: 805589 Data:Out 13 2014 12:00AM;Em uso;EFETIVADO;;;;;;
UNB;110124_4375 - UNIVERSIDADE ABERTA DO BRASIL/CEAD_185501;ALICE MELO RIBEIRO;428257;MICROCOMPUTADOR (NOTEBOOK);Bem MIGRADO do SIPAT: Registro: 428257 - Origem: FUBDados da última movimentação no SIPAT:Ano: 2015 Número: 913 Matrícula Remetente:  Matrícula Recebedor: 1043391 Local Remetente:  Local Recebedor: 185501 Tipo de Movimentacão: 1 Data: Dez 11 2018  5:51PM Justificativa:Documentos de Ingresso: TIPO DE DOC. INGRESSO: 44474 NOTA FISCALEmpenho(s): EMPENHOS: Número: 805589 Data:Out 13 2014 12:00AM;Em uso;EFETIVADO;;;;;;
UNB;110124_4375 - UNIVERSIDADE ABERTA DO BRASIL/CEAD_185501;ALICE MELO RIBEIRO;428260;MICROCOMPUTADOR (NOTEBOOK);Bem MIGRADO do SIPAT: Registro: 428260 - Origem: FUBDados da última movimentação no SIPAT:Ano: 2015 Número: 913 Matrícula Remetente:  Matrícula Recebedor: 1043391 Local Remetente:  Local Recebedor: 185501 Tipo de Movimentacão: 1 Data: Dez 11 2018  5:51PM Justificativa:Documentos de Ingresso: TIPO DE DOC. INGRESSO: 44474 NOTA FISCALEmpenho(s): EMPENHOS: Número: 805589 Data:Out 13 2014 12:00AM;Em uso;EFETIVADO;;;;;;
UNB;110124_4393 - SALA CTIC / CEAD;ALICE MELO RIBEIRO;299942;MICROCOMPUTADOR (NOTEBOOK);Bem MIGRADO do SIPAT: Registro: 299942 - Origem: FUBDados da última movimentação no SIPAT:Ano: 2019 Número: 11129 Matrícula Remetente: 713546 Matrícula Recebedor: 1043633 Local Remetente: 185501 Local Recebedor: 191748 Tipo de Movimentacão: 2 Data: Ago 20 2019  1:09PM Justificativa:Documentos de Ingresso: TIPO DE DOC. INGRESSO: 128537 NOTA FISCALEmpenho(s): EMPENHOS: Número: 913644 Data:Dez 31 2008 12:00AM;Em uso;ACAUTELADO;LUIS MARCOS MARTINS DO NASCIMENTO;;;;;
UNB;110124_4393 - SALA CTIC / CEAD;ALICE MELO RIBEIRO;306011;MICROCOMPUTADOR (NOTEBOOK);Bem MIGRADO do SIPAT: Registro: 306011 - Origem: FUBDados da última movimentação no SIPAT:Ano: 2019 Número: 7177 Matrícula Remetente: 1036581 Matrícula Recebedor: 1043633 Local Remetente: 185143 Local Recebedor: 191748 Tipo de Movimentacão: 2 Data: Jun 28 2019 10:36AM Justificativa:Documentos de Ingresso: TIPO DE DOC. INGRESSO: 11939 NOTA FISCALEmpenho(s): EMPENHOS: Número: 905761 Data:Jul 17 2009 12:00AM;Em uso;ACAUTELADO;LUIS MARCOS MARTINS DO NASCIMENTO;;;;;
UNB;110124_4396 - SALA ESTÚDIO DE GRAVAÇÃO / CEAD;ALICE MELO RIBEIRO;414816;MICROCOMPUTADOR (NOTEBOOK);Bem MIGRADO do SIPAT: Registro: 414816 - Origem: FUBDados da última movimentação no SIPAT:Ano: 2019 Número: 9417 Matrícula Remetente: 1043391 Matrícula Recebedor: 1116100 Local Remetente: 185501 Local Recebedor: 191754 Tipo de Movimentacão: 2 Data: Ago  6 2019 10:40AM Justificativa:Documentos de Ingresso: TIPO DE DOC. INGRESSO: 32645 NOTA FISCALEmpenho(s): EMPENHOS: Número: 806253 Data:Nov  7 2013 12:00AM;Em uso;EFETIVADO;;;;;;
UNB;110124_4373 - CENTRO DE EDUCAÇÃO À DISTÂNCIA/CEAD_133728;ALICE MELO RIBEIRO;373533;MICROCOMPUTADOR (NOTEBOOK);Bem MIGRADO do SIPAT: Registro: 373533 - Origem: FUBDados da última movimentação no SIPAT:Ano: 2012 Número: 11361 Matrícula Remetente: 821217 Matrícula Recebedor: 613878 Local Remetente: 138134 Local Recebedor: 133728 Tipo de Movimentacão: 2 Data: Jan 17 2013  3:01PM Justificativa:Documentos de Ingresso: TIPO DE DOC. INGRESSO: 000028302 NOTA FISCALEmpenho(s): EMPENHOS: Número: 810347 Data:Dez 27 2011 12:00AM;Em uso;ACAUTELADO;BERNARDO KIPNIS;;;;;
UNB;110124_4375 - UNIVERSIDADE ABERTA DO BRASIL/CEAD_185501;ALICE MELO RIBEIRO;428258;MICROCOMPUTADOR (NOTEBOOK);Bem MIGRADO do SIPAT: Registro: 428258 - Origem: FUBDados da última movimentação no SIPAT:Ano: 2015 Número: 913 Matrícula Remetente:  Matrícula Recebedor: 1043391 Local Remetente:  Local Recebedor: 185501 Tipo de Movimentacão: 1 Data: Dez 11 2018  5:51PM Justificativa:Documentos de Ingresso: TIPO DE DOC. INGRESSO: 44474 NOTA FISCALEmpenho(s): EMPENHOS: Número: 805589 Data:Out 13 2014 12:00AM;Em uso;EFETIVADO;;;;;;
UNB;110124_4375 - UNIVERSIDADE ABERTA DO BRASIL/CEAD_185501;ALICE MELO RIBEIRO;428261;MICROCOMPUTADOR (NOTEBOOK);Bem MIGRADO do SIPAT: Registro: 428261 - Origem: FUBDados da última movimentação no SIPAT:Ano: 2015 Número: 913 Matrícula Remetente:  Matrícula Recebedor: 1043391 Local Remetente:  Local Recebedor: 185501 Tipo de Movimentacão: 1 Data: Dez 11 2018  5:51PM Justificativa:Documentos de Ingresso: TIPO DE DOC. INGRESSO: 44474 NOTA FISCALEmpenho(s): EMPENHOS: Número: 805589 Data:Out 13 2014 12:00AM;Em uso;EFETIVADO;;;;;;
UNB;110124_4393 - SALA CTIC / CEAD;ALICE MELO RIBEIRO;369475;MICROCOMPUTADOR (NOTEBOOK);Bem MIGRADO do SIPAT: Registro: 369475 - Origem: FUBDados da última movimentação no SIPAT:Ano: 2019 Número: 6696 Matrícula Remetente: 713546 Matrícula Recebedor: 1094122 Local Remetente: 185501 Local Recebedor: 191741 Tipo de Movimentacão: 2 Data: Jun 26 2019  2:21PM Justificativa:Documentos de Ingresso: TIPO DE DOC. INGRESSO: 26341 NOTA FISCALEmpenho(s): EMPENHOS: Número: 808627 Data:Dez  3 2011 12:00AM;Em uso;ACAUTELADO;LUIS MARCOS MARTINS DO NASCIMENTO;;;;;
UNB;110124_4380 - COORD.DO CURSO DE MÚSICA-MUS/CEAD_186231;ALICE MELO RIBEIRO;303633;MICROCOMPUTADOR (NOTEBOOK);Bem MIGRADO do SIPAT: Registro: 303633 - Origem: FUBDados da última movimentação no SIPAT:Ano: 2011 Número: 6854 Matrícula Remetente: 1039237 Matrícula Recebedor: 1044800 Local Remetente: 186231 Local Recebedor: 186231 Tipo de Movimentacão: 2 Data: Ago  1 2011  8:12AM Justificativa:Documentos de Ingresso: TIPO DE DOC. INGRESSO: 128.538 NOTA FISCALEmpenho(s): EMPENHOS: Número: 913643 Data:Dez 31 2008 12:00AM;Em uso;EFETIVADO;;;;;;
UNB;110124_4381 - COORD.DO CURSO DE LETRAS-LIP/CEAD_186773;ALICE MELO RIBEIRO;303635;MICROCOMPUTADOR (NOTEBOOK);Bem MIGRADO do SIPAT: Registro: 303635 - Origem: FUBDados da última movimentação no SIPAT:Ano: 2012 Número: 2593 Matrícula Remetente: 1042459 Matrícula Recebedor: 1015826 Local Remetente: 185501 Local Recebedor: 186773 Tipo de Movimentacão: 2 Data: Mar 23 2012  9:09AM Justificativa:Documentos de Ingresso: TIPO DE DOC. INGRESSO: 128.538 NOTA FISCALEmpenho(s): EMPENHOS: Número: 913643 Data:Dez 31 2008 12:00AM;Em uso;ACAUTELADO;JANAINA DE AQUINO FERRAZ;;;;;
UNB;110124_4393 - SALA CTIC / CEAD;ALICE MELO RIBEIRO;303641;MICROCOMPUTADOR (NOTEBOOK);Bem MIGRADO do SIPAT: Registro: 303641 - Origem: FUBDados da última movimentação no SIPAT:Ano: 2012 Número: 1250 Matrícula Remetente: 150401 Matrícula Recebedor: 1015826 Local Remetente: 185740 Local Recebedor: 186773 Tipo de Movimentacão: 3 Data: Mar  2 2012  9:47AM Justificativa:Documentos de Ingresso: TIPO DE DOC. INGRESSO: 128.538 NOTA FISCALEmpenho(s): EMPENHOS: Número: 913643 Data:Dez 31 2008 12:00AM;Em uso;ACAUTELADO;LUIS MARCOS MARTINS DO NASCIMENTO;;;;;
UNB;110124_4393 - SALA CTIC / CEAD;ALICE MELO RIBEIRO;306009;MICROCOMPUTADOR (NOTEBOOK);Bem MIGRADO do SIPAT: Registro: 306009 - Origem: FUBDados da última movimentação no SIPAT:Ano: 2019 Número: 7177 Matrícula Remetente: 1036581 Matrícula Recebedor: 1043633 Local Remetente: 185143 Local Recebedor: 191748 Tipo de Movimentacão: 2 Data: Jun 28 2019 10:36AM Justificativa:Documentos de Ingresso: TIPO DE DOC. INGRESSO: 11939 NOTA FISCALEmpenho(s): EMPENHOS: Número: 905761 Data:Jul 17 2009 12:00AM;Em uso;ACAUTELADO;LUIS MARCOS MARTINS DO NASCIMENTO;;;;;
UNB;110124_4377 - BRASILÉIA/ AC /CEAD_186122;ALICE MELO RIBEIRO;319992;MICROCOMPUTADOR (NOTEBOOK);Bem MIGRADO do SIPAT: Registro: 319992 - Origem: FUBDados da última movimentação no SIPAT:Ano: 2010 Número: 14035 Matrícula Remetente: 1017217 Matrícula Recebedor: 138240 Local Remetente: 186122 Local Recebedor: 186122 Tipo de Movimentacão: 2 Data: Fev  4 2011  2:28PM Justificativa:Documentos de Ingresso: TIPO DE DOC. INGRESSO: 1807 NOTA FISCALEmpenho(s): EMPENHOS: Número: 915309 Data:Dez 11 2009 12:00AM;Em uso;ACAUTELADO;THERESE HOFMANN GATTI RODRIGUES DA COSTA;;;;;
UNB;110124_4393 - SALA CTIC / CEAD;ALICE MELO RIBEIRO;369483;MICROCOMPUTADOR (NOTEBOOK);Bem MIGRADO do SIPAT: Registro: 369483 - Origem: FUBDados da última movimentação no SIPAT:Ano: 2019 Número: 7176 Matrícula Remetente: 713546 Matrícula Recebedor: 1043633 Local Remetente: 185501 Local Recebedor: 191748 Tipo de Movimentacão: 2 Data: Jun 28 2019 10:36AM Justificativa:Documentos de Ingresso: TIPO DE DOC. INGRESSO: 26341 NOTA FISCALEmpenho(s): EMPENHOS: Número: 808627 Data:Dez  3 2011 12:00AM;Em uso;ACAUTELADO;LUIS MARCOS MARTINS DO NASCIMENTO;;;;;
UNB;110124_4375 - UNIVERSIDADE ABERTA DO BRASIL/CEAD_185501;ALICE MELO RIBEIRO;369486;MICROCOMPUTADOR (NOTEBOOK);Bem MIGRADO do SIPAT: Registro: 369486 - Origem: FUBDados da última movimentação no SIPAT:Ano: 2013 Número: 427 Matrícula Remetente: 1042459 Matrícula Recebedor: 713546 Local Remetente: 185501 Local Recebedor: 185501 Tipo de Movimentacão: 2 Data: Fev  6 2013 11:03AM Justificativa:Documentos de Ingresso: TIPO DE DOC. INGRESSO: 26341 NOTA FISCALEmpenho(s): EMPENHOS: Número: 808627 Data:Dez  3 2011 12:00AM;Em uso;ACAUTELADO;RUI SEIMETZ;;;;;
UNB;110124_4394 - SALA COORDENAÇÃO ACADÊMICA / CEAD;ALICE MELO RIBEIRO;351929;MICROCOMPUTADOR/SERVIDOR DE REDE;Bem MIGRADO do SIPAT: Registro: 351929 - Origem: FUBDados da última movimentação no SIPAT:Ano: 2019 Número: 9474 Matrícula Remetente: 713546 Matrícula Recebedor: 1123220 Local Remetente: 185501 Local Recebedor: 191753 Tipo de Movimentacão: 2 Data: Jul 30 2019  3:59PM Justificativa:Documentos de Ingresso: TIPO DE DOC. INGRESSO: 119 NOTA FISCALEmpenho(s): EMPENHOS: Número: 908272 Data:Dez  6 2010 12:00AM;Em uso;EFETIVADO;;;;;;
UNB;110124_4375 - UNIVERSIDADE ABERTA DO BRASIL/CEAD_185501;ALICE MELO RIBEIRO;273591;MICROCOMPUTADOR TIPO PC;Bem MIGRADO do SIPAT: Registro: 273591 - Origem: FUBDados da última movimentação no SIPAT:Ano: 2012 Número: 13738 Matrícula Remetente: 1032488 Matrícula Recebedor: 713546 Local Remetente: 185501 Local Recebedor: 185501 Tipo de Movimentacão: 2 Data: Dez 17 2012 10:40AM Justificativa:Documentos de Ingresso: TIPO DE DOC. INGRESSO: 10053 NOTA FISCALEmpenho(s): EMPENHOS: Número: 911997 Data:Dez 17 2007 12:00AM;Em uso;ACAUTELADO;RUI SEIMETZ;;;;;
UNB;110124_4375 - UNIVERSIDADE ABERTA DO BRASIL/CEAD_185501;ALICE MELO RIBEIRO;372242;MICROCOMPUTADOR TIPO PC;Bem MIGRADO do SIPAT: Registro: 372242 - Origem: FUBDados da última movimentação no SIPAT:Ano: 2013 Número: 427 Matrícula Remetente: 1042459 Matrícula Recebedor: 713546 Local Remetente: 185501 Local Recebedor: 185501 Tipo de Movimentacão: 2 Data: Fev  6 2013 11:03AM Justificativa:Documentos de Ingresso: TIPO DE DOC. INGRESSO: 317098 NOTA FISCALEmpenho(s): EMPENHOS: Número: 809346 Data:Dez 13 2011 12:00AM;Em uso;ACAUTELADO;RUI SEIMETZ;;;;;
UNB;110124_4391 - SALA DA SECRETARIA / CEAD;ALICE MELO RIBEIRO;407235;MICROCOMPUTADOR TIPO PC;Bem MIGRADO do SIPAT: Registro: 407235 - Origem: FUBDados da última movimentação no SIPAT:Ano: 2019 Número: 7345 Matrícula Remetente: 1107500 Matrícula Recebedor: 1121570 Local Remetente: 133728 Local Recebedor: 191746 Tipo de Movimentacão: 2 Data: Jun 28 2019 10:37AM Justificativa:Documentos de Ingresso: TIPO DE DOC. INGRESSO: 28585 NOTA FISCALEmpenho(s): EMPENHOS: Número: 805349 Data:Out 15 2013 12:00AM;Em uso;EFETIVADO;;;;;;
UNB;110124_4393 - SALA CTIC / CEAD;ALICE MELO RIBEIRO;372243;MICROCOMPUTADOR TIPO PC;Bem MIGRADO do SIPAT: Registro: 372243 - Origem: FUBDados da última movimentação no SIPAT:Ano: 2019 Número: 7001 Matrícula Remetente: 713546 Matrícula Recebedor: 1120450 Local Remetente: 185501 Local Recebedor: 191747 Tipo de Movimentacão: 2 Data: Jun 26 2019  3:55PM Justificativa:Documentos de Ingresso: TIPO DE DOC. INGRESSO: 317098 NOTA FISCALEmpenho(s): EMPENHOS: Número: 809346 Data:Dez 13 2011 12:00AM;Em uso;ACAUTELADO;LUIS MARCOS MARTINS DO NASCIMENTO;;;;;
UNB;110124_4392 - SALA DA COORD. PLANEJAMENTO E FINANANÇAS / CEAD;ALICE MELO RIBEIRO;407231;MICROCOMPUTADOR TIPO PC;Bem MIGRADO do SIPAT: Registro: 407231 - Origem: FUBDados da última movimentação no SIPAT:Ano: 2019 Número: 13812 Matrícula Remetente: 1106775 Matrícula Recebedor: 1120450 Local Remetente: 191747 Local Recebedor: 191747 Tipo de Movimentacão: 3 Data: Set 26 2019  2:56PM Justificativa: Processo n. 23106.120919/2019-54Documentos de Ingresso: TIPO DE DOC. INGRESSO: 28585 NOTA FISCALEmpenho(s): EMPENHOS: Número: 805349 Data:Out 15 2013 12:00AM;Em uso;ACAUTELADO;BRENO MESQUITA DA SILVA;;;;;
UNB;110124_4392 - SALA DA COORD. PLANEJAMENTO E FINANANÇAS / CEAD;ALICE MELO RIBEIRO;414801;MICROCOMPUTADOR TIPO PC;Bem MIGRADO do SIPAT: Registro: 414801 - Origem: FUBDados da última movimentação no SIPAT:Ano: 2019 Número: 11188 Matrícula Remetente: 1043391 Matrícula Recebedor: 1120450 Local Remetente: 185501 Local Recebedor: 191747 Tipo de Movimentacão: 2 Data: Ago 20 2019  1:09PM Justificativa:Documentos de Ingresso: TIPO DE DOC. INGRESSO: 32645 NOTA FISCALEmpenho(s): EMPENHOS: Número: 806253 Data:Nov  7 2013 12:00AM;Em uso;ACAUTELADO;BRENO MESQUITA DA SILVA;;;;;
UNB;110124_4393 - SALA CTIC / CEAD;ALICE MELO RIBEIRO;372246;MICROCOMPUTADOR TIPO PC;Bem MIGRADO do SIPAT: Registro: 372246 - Origem: FUBDados da última movimentação no SIPAT:Ano: 2019 Número: 9474 Matrícula Remetente: 713546 Matrícula Recebedor: 1123220 Local Remetente: 185501 Local Recebedor: 191753 Tipo de Movimentacão: 2 Data: Jul 30 2019  3:59PM Justificativa:Documentos de Ingresso: TIPO DE DOC. INGRESSO: 317098 NOTA FISCALEmpenho(s): EMPENHOS: Número: 809346 Data:Dez 13 2011 12:00AM;Em uso;ACAUTELADO;LUIS MARCOS MARTINS DO NASCIMENTO;;;;;
UNB;110124_4394 - SALA COORDENAÇÃO ACADÊMICA / CEAD;ALICE MELO RIBEIRO;407234;MICROCOMPUTADOR TIPO PC;Bem MIGRADO do SIPAT: Registro: 407234 - Origem: FUBDados da última movimentação no SIPAT:Ano: 2019 Número: 9487 Matrícula Remetente: 866423 Matrícula Recebedor: 1123220 Local Remetente: 133728 Local Recebedor: 191753 Tipo de Movimentacão: 2 Data: Jul 31 2019 10:48AM Justificativa:Documentos de Ingresso: TIPO DE DOC. INGRESSO: 28585 NOTA FISCALEmpenho(s): EMPENHOS: Número: 805349 Data:Out 15 2013 12:00AM;Em uso;ACAUTELADO;NAIARA ROCHA GUARINI ALVES;;;;;
UNB;110124_4394 - SALA COORDENAÇÃO ACADÊMICA / CEAD;ALICE MELO RIBEIRO;468602;MICROCOMPUTADOR TIPO PC;Bem MIGRADO do SIPAT: Registro: 468602 - Origem: FUBDados da última movimentação no SIPAT:Ano: 2019 Número: 9480 Matrícula Remetente: 1094122 Matrícula Recebedor: 1123220 Local Remetente: 133728 Local Recebedor: 191753 Tipo de Movimentacão: 2 Data: Jul 30 2019  3:06PM Justificativa:Documentos de Ingresso: TIPO DE DOC. INGRESSO: 935.132 NOTA FISCALEmpenho(s): EMPENHOS: Número: 804822 Data:Out 26 2018 12:00AM;Em uso;EFETIVADO;;;;;;
UNB;110124_4373 - CENTRO DE EDUCAÇÃO À DISTÂNCIA/CEAD_133728;ALICE MELO RIBEIRO;235800;MICROCOMPUTADOR TIPO PC;Bem MIGRADO do SIPAT: Registro: 235800 - Origem: FUBDados da última movimentação no SIPAT:Ano: 2005 Número: 6514 Matrícula Remetente:  Matrícula Recebedor: 613878 Local Remetente:  Local Recebedor: 133728 Tipo de Movimentacão: 1 Data:  Justificativa:Documentos de Ingresso: TIPO DE DOC. INGRESSO: 15987 NOTA FISCALEmpenho(s): EMPENHOS: Número: 903615 Data:Jun 21 2005 12:00AM;Em uso;ACAUTELADO;BERNARDO KIPNIS;;;;;
UNB;110124_4373 - CENTRO DE EDUCAÇÃO À DISTÂNCIA/CEAD_133728;ALICE MELO RIBEIRO;235803;MICROCOMPUTADOR TIPO PC;Bem MIGRADO do SIPAT: Registro: 235803 - Origem: FUBDados da última movimentação no SIPAT:Ano: 2005 Número: 6514 Matrícula Remetente:  Matrícula Recebedor: 613878 Local Remetente:  Local Recebedor: 133728 Tipo de Movimentacão: 1 Data:  Justificativa:Documentos de Ingresso: TIPO DE DOC. INGRESSO: 15987 NOTA FISCALEmpenho(s): EMPENHOS: Número: 903615 Data:Jun 21 2005 12:00AM;Em uso;ACAUTELADO;BERNARDO KIPNIS;;;;;
UNB;110124_4393 - SALA CTIC / CEAD;ALICE MELO RIBEIRO;476187;MICROCOMPUTADOR TIPO PC;Bem MIGRADO do SIPAT: Registro: 476187 - Origem: FUBDados da última movimentação no SIPAT:Ano: 2020 Número: 2980 Matrícula Remetente:  Matrícula Recebedor: 1094122 Local Remetente:  Local Recebedor: 191739 Tipo de Movimentacão: 1 Data: Jun  5 2020  4:50PM Justificativa: PROCESSO SEI 23106.154940/2019-53Documentos de Ingresso: TIPO DE DOC. INGRESSO: 1.725.322 NOTA FISCALEmpenho(s): EMPENHOS: Número: 805936 Data:Dez 26 2019 12:00AM;Em uso;ACAUTELADO;LUIS MARCOS MARTINS DO NASCIMENTO;;;;;
UNB;110124_4392 - SALA DA COORD. PLANEJAMENTO E FINANANÇAS / CEAD;ALICE MELO RIBEIRO;477293;MICROCOMPUTADOR TIPO PC;Bem MIGRADO do SIPAT: Registro: 477293 - Origem: FUBDados da última movimentação no SIPAT:Ano: 2020 Número: 3014 Matrícula Remetente:  Matrícula Recebedor: 1094122 Local Remetente:  Local Recebedor: 191739 Tipo de Movimentacão: 1 Data: Jun  5 2020  4:51PM Justificativa:Documentos de Ingresso: TIPO DE DOC. INGRESSO: 1.723.497 NOTA FISCALEmpenho(s): EMPENHOS: Número: 805935 Data:Dez 26 2019 12:00AM;Em uso;ACAUTELADO;MAGDA TEIXEIRA MARTINS;;;;;
UNB;110124_4392 - SALA DA COORD. PLANEJAMENTO E FINANANÇAS / CEAD;ALICE MELO RIBEIRO;407230;MICROCOMPUTADOR TIPO PC;Bem MIGRADO do SIPAT: Registro: 407230 - Origem: FUBDados da última movimentação no SIPAT:Ano: 2019 Número: 13812 Matrícula Remetente: 1106775 Matrícula Recebedor: 1120450 Local Remetente: 191747 Local Recebedor: 191747 Tipo de Movimentacão: 3 Data: Set 26 2019  2:56PM Justificativa: Processo n. 23106.120919/2019-54Documentos de Ingresso: TIPO DE DOC. INGRESSO: 28585 NOTA FISCALEmpenho(s): EMPENHOS: Número: 805349 Data:Out 15 2013 12:00AM;Em uso;ACAUTELADO;BRENO MESQUITA DA SILVA;;;;;
UNB;110124_4394 - SALA COORDENAÇÃO ACADÊMICA / CEAD;ALICE MELO RIBEIRO;407227;MICROCOMPUTADOR TIPO PC;Bem MIGRADO do SIPAT: Registro: 407227 - Origem: FUBDados da última movimentação no SIPAT:Ano: 2019 Número: 10277 Matrícula Remetente: 1041321 Matrícula Recebedor: 1071017 Local Remetente: 191751 Local Recebedor: 191751 Tipo de Movimentacão: 2 Data: Ago  6 2019 11:57AM Justificativa:Documentos de Ingresso: TIPO DE DOC. INGRESSO: 28585 NOTA FISCALEmpenho(s): EMPENHOS: Número: 805349 Data:Out 15 2013 12:00AM;Em uso;ACAUTELADO;LUDMILA DANIELLE BIANCHI DA SILVA;;;;;
UNB;110124_4394 - SALA COORDENAÇÃO ACADÊMICA / CEAD;ALICE MELO RIBEIRO;407236;MICROCOMPUTADOR TIPO PC;Bem MIGRADO do SIPAT: Registro: 407236 - Origem: FUBDados da última movimentação no SIPAT:Ano: 2019 Número: 9429 Matrícula Remetente: 1107500 Matrícula Recebedor: 1116100 Local Remetente: 133728 Local Recebedor: 191754 Tipo de Movimentacão: 2 Data: Jul 30 2019  3:02PM Justificativa:Documentos de Ingresso: TIPO DE DOC. INGRESSO: 28585 NOTA FISCALEmpenho(s): EMPENHOS: Número: 805349 Data:Out 15 2013 12:00AM;Em uso;EFETIVADO;;;;;;
UNB;110124_4398 - SALA ILHA DE EDIÇÃO / CEAD;ALICE MELO RIBEIRO;468599;MICROCOMPUTADOR TIPO PC;Bem MIGRADO do SIPAT: Registro: 468599 - Origem: FUBDados da última movimentação no SIPAT:Ano: 2019 Número: 9430 Matrícula Remetente: 1094122 Matrícula Recebedor: 1116100 Local Remetente: 133728 Local Recebedor: 191754 Tipo de Movimentacão: 2 Data: Jul 30 2019  3:07PM Justificativa:Documentos de Ingresso: TIPO DE DOC. INGRESSO: 935.132 NOTA FISCALEmpenho(s): EMPENHOS: Número: 804822 Data:Out 26 2018 12:00AM;Em uso;EFETIVADO;;;;;;
UNB;110124_4373 - CENTRO DE EDUCAÇÃO À DISTÂNCIA/CEAD_133728;ALICE MELO RIBEIRO;235792;MICROCOMPUTADOR TIPO PC;Bem MIGRADO do SIPAT: Registro: 235792 - Origem: FUBDados da última movimentação no SIPAT:Ano: 2005 Número: 6514 Matrícula Remetente:  Matrícula Recebedor: 613878 Local Remetente:  Local Recebedor: 133728 Tipo de Movimentacão: 1 Data:  Justificativa:Documentos de Ingresso: TIPO DE DOC. INGRESSO: 15987 NOTA FISCALEmpenho(s): EMPENHOS: Número: 903615 Data:Jun 21 2005 12:00AM;Em uso;ACAUTELADO;BERNARDO KIPNIS;;;;;
UNB;110124_4394 - SALA COORDENAÇÃO ACADÊMICA / CEAD;ALICE MELO RIBEIRO;468607;MICROCOMPUTADOR TIPO PC;Bem MIGRADO do SIPAT: Registro: 468607 - Origem: FUBDados da última movimentação no SIPAT:Ano: 2019 Número: 11096 Matrícula Remetente: 1094122 Matrícula Recebedor: 1094122 Local Remetente: 133728 Local Recebedor: 191739 Tipo de Movimentacão: 2 Data: Ago 20 2019  2:40PM Justificativa:Documentos de Ingresso: TIPO DE DOC. INGRESSO: 935.132 NOTA FISCALEmpenho(s): EMPENHOS: Número: 804822 Data:Out 26 2018 12:00AM;Em uso;EFETIVADO;;;;;;
UNB;110124_4393 - SALA CTIC / CEAD;ALICE MELO RIBEIRO;477287;MICROCOMPUTADOR TIPO PC;Bem MIGRADO do SIPAT: Registro: 477287 - Origem: FUBDados da última movimentação no SIPAT:Ano: 2020 Número: 3014 Matrícula Remetente:  Matrícula Recebedor: 1094122 Local Remetente:  Local Recebedor: 191739 Tipo de Movimentacão: 1 Data: Jun  5 2020  4:51PM Justificativa:Documentos de Ingresso: TIPO DE DOC. INGRESSO: 1.723.497 NOTA FISCALEmpenho(s): EMPENHOS: Número: 805935 Data:Dez 26 2019 12:00AM;Em uso;EFETIVADO;;;;;;
UNB;110124_4393 - SALA CTIC / CEAD;ALICE MELO RIBEIRO;477290;MICROCOMPUTADOR TIPO PC;Bem MIGRADO do SIPAT: Registro: 477290 - Origem: FUBDados da última movimentação no SIPAT:Ano: 2020 Número: 3014 Matrícula Remetente:  Matrícula Recebedor: 1094122 Local Remetente:  Local Recebedor: 191739 Tipo de Movimentacão: 1 Data: Jun  5 2020  4:51PM Justificativa:Documentos de Ingresso: TIPO DE DOC. INGRESSO: 1.723.497 NOTA FISCALEmpenho(s): EMPENHOS: Número: 805935 Data:Dez 26 2019 12:00AM;Em uso;ACAUTELADO;LUIS MARCOS MARTINS DO NASCIMENTO;;;;;
UNB;110124_4394 - SALA COORDENAÇÃO ACADÊMICA / CEAD;ALICE MELO RIBEIRO;407240;MICROCOMPUTADOR TIPO PC;Bem MIGRADO do SIPAT: Registro: 407240 - Origem: FUBDados da última movimentação no SIPAT:Ano: 2019 Número: 6638 Matrícula Remetente: 1036581 Matrícula Recebedor: 866423 Local Remetente: 185143 Local Recebedor: 191746 Tipo de Movimentacão: 2 Data: Jun 27 2019  1:38PM Justificativa:Documentos de Ingresso: TIPO DE DOC. INGRESSO: 28585 NOTA FISCALEmpenho(s): EMPENHOS: Número: 805349 Data:Out 15 2013 12:00AM;Em uso;ACAUTELADO;LETICIA DA CRUZ SOUZA FLORES;;;;;
UNB;110124_4393 - SALA CTIC / CEAD;ALICE MELO RIBEIRO;407225;MICROCOMPUTADOR TIPO PC;Bem MIGRADO do SIPAT: Registro: 407225 - Origem: FUBDados da última movimentação no SIPAT:Ano: 2019 Número: 11116 Matrícula Remetente: 1030906 Matrícula Recebedor: 1043633 Local Remetente: 133728 Local Recebedor: 191748 Tipo de Movimentacão: 2 Data: Ago 19 2019 11:48AM Justificativa:Documentos de Ingresso: TIPO DE DOC. INGRESSO: 28585 NOTA FISCALEmpenho(s): EMPENHOS: Número: 805349 Data:Out 15 2013 12:00AM;Em uso;ACAUTELADO;LUIS MARCOS MARTINS DO NASCIMENTO;;;;;
UNB;110124_4400 - LABORATÓRIO DE PESQUISA E INOVAÇÃO DARCY RIBEIRO - LAPIDAR/CEAD;ALICE MELO RIBEIRO;414795;MICROCOMPUTADOR TIPO PC;Bem MIGRADO do SIPAT: Registro: 414795 - Origem: FUBDados da última movimentação no SIPAT:Ano: 2019 Número: 7178 Matrícula Remetente: 1043391 Matrícula Recebedor: 1043633 Local Remetente: 185501 Local Recebedor: 191748 Tipo de Movimentacão: 2 Data: Jun 28 2019 10:36AM Justificativa:Documentos de Ingresso: TIPO DE DOC. INGRESSO: 32645 NOTA FISCALEmpenho(s): EMPENHOS: Número: 806253 Data:Nov  7 2013 12:00AM;Em uso;EFETIVADO;;;;;;
UNB;110124_4393 - SALA CTIC / CEAD;ALICE MELO RIBEIRO;407226;MICROCOMPUTADOR TIPO PC;Bem MIGRADO do SIPAT: Registro: 407226 - Origem: FUBDados da última movimentação no SIPAT:Ano: 2019 Número: 9473 Matrícula Remetente: 1047931 Matrícula Recebedor: 1123220 Local Remetente: 133728 Local Recebedor: 191753 Tipo de Movimentacão: 2 Data: Jul 31 2019 10:47AM Justificativa:Documentos de Ingresso: TIPO DE DOC. INGRESSO: 28585 NOTA FISCALEmpenho(s): EMPENHOS: Número: 805349 Data:Out 15 2013 12:00AM;Em uso;ACAUTELADO;LUIS MARCOS MARTINS DO NASCIMENTO;;;;;
UNB;110124_4373 - CENTRO DE EDUCAÇÃO À DISTÂNCIA/CEAD_133728;ALICE MELO RIBEIRO;227755;MICROCOMPUTADOR TIPO PC;Bem MIGRADO do SIPAT: Registro: 227755 - Origem: FUBDados da última movimentação no SIPAT:Ano: 2004 Número: 3646 Matrícula Remetente:  Matrícula Recebedor: 613878 Local Remetente:  Local Recebedor: 133728 Tipo de Movimentacão: 1 Data:  Justificativa:Documentos de Ingresso: TIPO DE DOC. INGRESSO: 1218 NOTA FISCALEmpenho(s): EMPENHOS: Número: 902072 Data:Abr 20 2004 12:00AM;Em uso;ACAUTELADO;BERNARDO KIPNIS;;;;;
UNB;110124_4373 - CENTRO DE EDUCAÇÃO À DISTÂNCIA/CEAD_133728;ALICE MELO RIBEIRO;235795;MICROCOMPUTADOR TIPO PC;Bem MIGRADO do SIPAT: Registro: 235795 - Origem: FUBDados da última movimentação no SIPAT:Ano: 2005 Número: 6514 Matrícula Remetente:  Matrícula Recebedor: 613878 Local Remetente:  Local Recebedor: 133728 Tipo de Movimentacão: 1 Data:  Justificativa:Documentos de Ingresso: TIPO DE DOC. INGRESSO: 15987 NOTA FISCALEmpenho(s): EMPENHOS: Número: 903615 Data:Jun 21 2005 12:00AM;Em uso;ACAUTELADO;BERNARDO KIPNIS;;;;;
UNB;110124_4373 - CENTRO DE EDUCAÇÃO À DISTÂNCIA/CEAD_133728;ALICE MELO RIBEIRO;235798;MICROCOMPUTADOR TIPO PC;Bem MIGRADO do SIPAT: Registro: 235798 - Origem: FUBDados da última movimentação no SIPAT:Ano: 2005 Número: 6514 Matrícula Remetente:  Matrícula Recebedor: 613878 Local Remetente:  Local Recebedor: 133728 Tipo de Movimentacão: 1 Data:  Justificativa:Documentos de Ingresso: TIPO DE DOC. INGRESSO: 15987 NOTA FISCALEmpenho(s): EMPENHOS: Número: 903615 Data:Jun 21 2005 12:00AM;Em uso;ACAUTELADO;BERNARDO KIPNIS;;;;;
UNB;110124_4373 - CENTRO DE EDUCAÇÃO À DISTÂNCIA/CEAD_133728;ALICE MELO RIBEIRO;235801;MICROCOMPUTADOR TIPO PC;Bem MIGRADO do SIPAT: Registro: 235801 - Origem: FUBDados da última movimentação no SIPAT:Ano: 2005 Número: 6514 Matrícula Remetente:  Matrícula Recebedor: 613878 Local Remetente:  Local Recebedor: 133728 Tipo de Movimentacão: 1 Data:  Justificativa:Documentos de Ingresso: TIPO DE DOC. INGRESSO: 15987 NOTA FISCALEmpenho(s): EMPENHOS: Número: 903615 Data:Jun 21 2005 12:00AM;Em uso;ACAUTELADO;BERNARDO KIPNIS;;;;;
UNB;110124_4373 - CENTRO DE EDUCAÇÃO À DISTÂNCIA/CEAD_133728;ALICE MELO RIBEIRO;235833;MICROCOMPUTADOR TIPO PC;Bem MIGRADO do SIPAT: Registro: 235833 - Origem: FUBDados da última movimentação no SIPAT:Ano: 2005 Número: 6514 Matrícula Remetente:  Matrícula Recebedor: 613878 Local Remetente:  Local Recebedor: 133728 Tipo de Movimentacão: 1 Data:  Justificativa:Documentos de Ingresso: TIPO DE DOC. INGRESSO: 15987 NOTA FISCALEmpenho(s): EMPENHOS: Número: 903615 Data:Jun 21 2005 12:00AM;Em uso;ACAUTELADO;BERNARDO KIPNIS;;;;;
UNB;110124_4373 - CENTRO DE EDUCAÇÃO À DISTÂNCIA/CEAD_133728;ALICE MELO RIBEIRO;258096;MICROCOMPUTADOR TIPO PC;Bem MIGRADO do SIPAT: Registro: 258096 - Origem: FUBDados da última movimentação no SIPAT:Ano: 2006 Número: 11010 Matrícula Remetente:  Matrícula Recebedor: 613878 Local Remetente:  Local Recebedor: 133728 Tipo de Movimentacão: 1 Data: Ago 28 2007  5:12PM Justificativa:Documentos de Ingresso: TIPO DE DOC. INGRESSO: 5066 NOTA FISCALEmpenho(s): EMPENHOS: Número: 903355 Data:Out 18 2006 12:00AM;Em uso;ACAUTELADO;BERNARDO KIPNIS;;;;;
UNB;110124_4380 - COORD.DO CURSO DE MÚSICA-MUS/CEAD_186231;ALICE MELO RIBEIRO;414761;MICROCOMPUTADOR TIPO PC;Bem MIGRADO do SIPAT: Registro: 414761 - Origem: FUBDados da última movimentação no SIPAT:Ano: 2014 Número: 6295 Matrícula Remetente: 1043391 Matrícula Recebedor: 1044800 Local Remetente: 185501 Local Recebedor: 186231 Tipo de Movimentacão: 2 Data: Set 17 2014 10:03AM Justificativa:Documentos de Ingresso: TIPO DE DOC. INGRESSO: 32645 NOTA FISCALEmpenho(s): EMPENHOS: Número: 806253 Data:Nov  7 2013 12:00AM;Em uso;EFETIVADO;;;;;;
UNB;110124_4393 - SALA CTIC / CEAD;ALICE MELO RIBEIRO;407237;MICROCOMPUTADOR TIPO PC;Bem MIGRADO do SIPAT: Registro: 407237 - Origem: FUBDados da última movimentação no SIPAT:Ano: 2019 Número: 6667 Matrícula Remetente: 1036581 Matrícula Recebedor: 1094122 Local Remetente: 185143 Local Recebedor: 191739 Tipo de Movimentacão: 2 Data: Jun 27 2019  1:39PM Justificativa:Documentos de Ingresso: TIPO DE DOC. INGRESSO: 28585 NOTA FISCALEmpenho(s): EMPENHOS: Número: 805349 Data:Out 15 2013 12:00AM;Em uso;ACAUTELADO;LUIS MARCOS MARTINS DO NASCIMENTO;;;;;
UNB;110124_4393 - SALA CTIC / CEAD;ALICE MELO RIBEIRO;477291;MICROCOMPUTADOR TIPO PC;Bem MIGRADO do SIPAT: Registro: 477291 - Origem: FUBDados da última movimentação no SIPAT:Ano: 2020 Número: 3014 Matrícula Remetente:  Matrícula Recebedor: 1094122 Local Remetente:  Local Recebedor: 191739 Tipo de Movimentacão: 1 Data: Jun  5 2020  4:51PM Justificativa:Documentos de Ingresso: TIPO DE DOC. INGRESSO: 1.723.497 NOTA FISCALEmpenho(s): EMPENHOS: Número: 805935 Data:Dez 26 2019 12:00AM;Em uso;ACAUTELADO;LUIS MARCOS MARTINS DO NASCIMENTO;;;;;
UNB;110124_4393 - SALA CTIC / CEAD;ALICE MELO RIBEIRO;407229;MICROCOMPUTADOR TIPO PC;Bem MIGRADO do SIPAT: Registro: 407229 - Origem: FUBDados da última movimentação no SIPAT:Ano: 2019 Número: 7177 Matrícula Remetente: 1036581 Matrícula Recebedor: 1043633 Local Remetente: 185143 Local Recebedor: 191748 Tipo de Movimentacão: 2 Data: Jun 28 2019 10:36AM Justificativa:Documentos de Ingresso: TIPO DE DOC. INGRESSO: 28585 NOTA FISCALEmpenho(s): EMPENHOS: Número: 805349 Data:Out 15 2013 12:00AM;Em uso;ACAUTELADO;LUIS MARCOS MARTINS DO NASCIMENTO;;;;;
UNB;110124_4394 - SALA COORDENAÇÃO ACADÊMICA / CEAD;ALICE MELO RIBEIRO;368632;MICROCOMPUTADOR TIPO PC;Bem MIGRADO do SIPAT: Registro: 368632 - Origem: FUBDados da última movimentação no SIPAT:Ano: 2019 Número: 6761 Matrícula Remetente: 713546 Matrícula Recebedor: 1121588 Local Remetente: 185501 Local Recebedor: 191751 Tipo de Movimentacão: 2 Data: Jun 26 2019  2:22PM Justificativa:Documentos de Ingresso: TIPO DE DOC. INGRESSO: 312922 NOTA FISCALEmpenho(s): EMPENHOS: Número: 808420 Data:Dez  2 2011 12:00AM;Em uso;EFETIVADO;;;;;;
UNB;110124_4393 - SALA CTIC / CEAD;ALICE MELO RIBEIRO;407232;MICROCOMPUTADOR TIPO PC;Bem MIGRADO do SIPAT: Registro: 407232 - Origem: FUBDados da última movimentação no SIPAT:Ano: 2020 Número: 4584 Matrícula Remetente: 1098462 Matrícula Recebedor: 1041321 Local Remetente: 191751 Local Recebedor: 191751 Tipo de Movimentacão: 3 Data: Nov 13 2020 11:24AM Justificativa:Documentos de Ingresso: TIPO DE DOC. INGRESSO: 28585 NOTA FISCALEmpenho(s): EMPENHOS: Número: 805349 Data:Out 15 2013 12:00AM;Em uso;ACAUTELADO;LUIS MARCOS MARTINS DO NASCIMENTO;;;;;
UNB;110124_4373 - CENTRO DE EDUCAÇÃO À DISTÂNCIA/CEAD_133728;ALICE MELO RIBEIRO;235790;MICROCOMPUTADOR TIPO PC;Bem MIGRADO do SIPAT: Registro: 235790 - Origem: FUBDados da última movimentação no SIPAT:Ano: 2005 Número: 6514 Matrícula Remetente:  Matrícula Recebedor: 613878 Local Remetente:  Local Recebedor: 133728 Tipo de Movimentacão: 1 Data:  Justificativa:Documentos de Ingresso: TIPO DE DOC. INGRESSO: 15987 NOTA FISCALEmpenho(s): EMPENHOS: Número: 903615 Data:Jun 21 2005 12:00AM;Em uso;ACAUTELADO;BERNARDO KIPNIS;;;;;
UNB;110124_4373 - CENTRO DE EDUCAÇÃO À DISTÂNCIA/CEAD_133728;ALICE MELO RIBEIRO;235793;MICROCOMPUTADOR TIPO PC;Bem MIGRADO do SIPAT: Registro: 235793 - Origem: FUBDados da última movimentação no SIPAT:Ano: 2005 Número: 6514 Matrícula Remetente:  Matrícula Recebedor: 613878 Local Remetente:  Local Recebedor: 133728 Tipo de Movimentacão: 1 Data:  Justificativa:Documentos de Ingresso: TIPO DE DOC. INGRESSO: 15987 NOTA FISCALEmpenho(s): EMPENHOS: Número: 903615 Data:Jun 21 2005 12:00AM;Em uso;ACAUTELADO;BERNARDO KIPNIS;;;;;
UNB;110124_4382 - COORD. DO CURSO ADMINISTRAÇÃO PUBLICA/FACE/CEAD_187781;ALICE MELO RIBEIRO;368625;MICROCOMPUTADOR TIPO PC;Bem MIGRADO do SIPAT: Registro: 368625 - Origem: FUBDados da última movimentação no SIPAT:Ano: 2014 Número: 6927 Matrícula Remetente: 713546 Matrícula Recebedor: 1036157 Local Remetente: 185501 Local Recebedor: 187781 Tipo de Movimentacão: 2 Data: Ago  8 2014 10:34AM Justificativa:Documentos de Ingresso: TIPO DE DOC. INGRESSO: 312922 NOTA FISCALEmpenho(s): EMPENHOS: Número: 808420 Data:Dez  2 2011 12:00AM;Em uso;ACAUTELADO;LUIZ FERNANDO MACEDO BESSA;;;;;
UNB;110124_4382 - COORD. DO CURSO ADMINISTRAÇÃO PUBLICA/FACE/CEAD_187781;ALICE MELO RIBEIRO;414798;MICROCOMPUTADOR TIPO PC;Bem MIGRADO do SIPAT: Registro: 414798 - Origem: FUBDados da última movimentação no SIPAT:Ano: 2014 Número: 6928 Matrícula Remetente: 1043391 Matrícula Recebedor: 1036157 Local Remetente: 185501 Local Recebedor: 187781 Tipo de Movimentacão: 2 Data: Ago  8 2014 10:34AM Justificativa:Documentos de Ingresso: TIPO DE DOC. INGRESSO: 32645 NOTA FISCALEmpenho(s): EMPENHOS: Número: 806253 Data:Nov  7 2013 12:00AM;Em uso;ACAUTELADO;LUIZ FERNANDO MACEDO BESSA;;;;;
UNB;110124_4392 - SALA DA COORD. PLANEJAMENTO E FINANANÇAS / CEAD;ALICE MELO RIBEIRO;407243;MICROCOMPUTADOR TIPO PC;Bem MIGRADO do SIPAT: Registro: 407243 - Origem: FUBDados da última movimentação no SIPAT:Ano: 2019 Número: 6680 Matrícula Remetente: 1030906 Matrícula Recebedor: 1094122 Local Remetente: 133728 Local Recebedor: 191740 Tipo de Movimentacão: 2 Data: Jun 21 2019 11:19AM Justificativa:Documentos de Ingresso: TIPO DE DOC. INGRESSO: 28585 NOTA FISCALEmpenho(s): EMPENHOS: Número: 805349 Data:Out 15 2013 12:00AM;Em uso;ACAUTELADO;BRENO MESQUITA DA SILVA;;;;;
UNB;110124_4393 - SALA CTIC / CEAD;ALICE MELO RIBEIRO;442039;MICROCOMPUTADOR TIPO PC;Bem MIGRADO do SIPAT: Registro: 442039 - Origem: FUBDados da última movimentação no SIPAT:Ano: 2019 Número: 6613 Matrícula Remetente: 1036581 Matrícula Recebedor: 1046926 Local Remetente: 185143 Local Recebedor: 191746 Tipo de Movimentacão: 2 Data: Jun 27 2019  1:38PM Justificativa:Documentos de Ingresso: TIPO DE DOC. INGRESSO: 2981 NOTA FISCALEmpenho(s): EMPENHOS: Número: 804567 Data:Out 30 2015 12:00AM;Em uso;ACAUTELADO;LUIS MARCOS MARTINS DO NASCIMENTO;;;;;
UNB;110124_4393 - SALA CTIC / CEAD;ALICE MELO RIBEIRO;407228;MICROCOMPUTADOR TIPO PC;Bem MIGRADO do SIPAT: Registro: 407228 - Origem: FUBDados da última movimentação no SIPAT:Ano: 2019 Número: 8037 Matrícula Remetente: 1030906 Matrícula Recebedor: 1046675 Local Remetente: 133728 Local Recebedor: 191748 Tipo de Movimentacão: 2 Data: Jul  9 2019  3:52PM Justificativa:Documentos de Ingresso: TIPO DE DOC. INGRESSO: 28585 NOTA FISCALEmpenho(s): EMPENHOS: Número: 805349 Data:Out 15 2013 12:00AM;Em uso;ACAUTELADO;LUIS MARCOS MARTINS DO NASCIMENTO;;;;;
UNB;110124_4393 - SALA CTIC / CEAD;ALICE MELO RIBEIRO;442037;MICROCOMPUTADOR TIPO PC;Bem MIGRADO do SIPAT: Registro: 442037 - Origem: FUBDados da última movimentação no SIPAT:Ano: 2019 Número: 9490 Matrícula Remetente: 1036581 Matrícula Recebedor: 1123220 Local Remetente: 185143 Local Recebedor: 191753 Tipo de Movimentacão: 2 Data: Jul 31 2019 11:13AM Justificativa:Documentos de Ingresso: TIPO DE DOC. INGRESSO: 2981 NOTA FISCALEmpenho(s): EMPENHOS: Número: 804567 Data:Out 30 2015 12:00AM;Em uso;ACAUTELADO;LUIS MARCOS MARTINS DO NASCIMENTO;;;;;
UNB;110124_4396 - SALA ESTÚDIO DE GRAVAÇÃO / CEAD;ALICE MELO RIBEIRO;468601;MICROCOMPUTADOR TIPO PC;Bem MIGRADO do SIPAT: Registro: 468601 - Origem: FUBDados da última movimentação no SIPAT:Ano: 2019 Número: 9480 Matrícula Remetente: 1094122 Matrícula Recebedor: 1123220 Local Remetente: 133728 Local Recebedor: 191753 Tipo de Movimentacão: 2 Data: Jul 30 2019  3:06PM Justificativa:Documentos de Ingresso: TIPO DE DOC. INGRESSO: 935.132 NOTA FISCALEmpenho(s): EMPENHOS: Número: 804822 Data:Out 26 2018 12:00AM;Em uso;EFETIVADO;;;;;;
UNB;110124_4400 - LABORATÓRIO DE PESQUISA E INOVAÇÃO DARCY RIBEIRO - LAPIDAR/CEAD;ALICE MELO RIBEIRO;378235;MICROCOMPUTADOR TIPO PC;Bem MIGRADO do SIPAT: Registro: 378235 - Origem: FUBDados da última movimentação no SIPAT:Ano: 2015 Número: 8401 Matrícula Remetente: 129283 Matrícula Recebedor: 9992242 Local Remetente: 153192 Local Recebedor: 188228 Tipo de Movimentacão: 5 Data: Ago  5 2015  8:40AM Justificativa: De acordo com o Contrato de Gestão celebrado entre o MEC/INEP e o Cebraspe, com interveniência da FUB.Documentos de Ingresso: TIPO DE DOC. INGRESSO: 309884 NOTA FISCALEmpenho(s): EMPENHOS: Número: 804867 Data;Em uso;EFETIVADO;;;;;;
UNB;110124_4373 - CENTRO DE EDUCAÇÃO À DISTÂNCIA/CEAD_133728;ALICE MELO RIBEIRO;227742;MICROCOMPUTADOR TIPO PC;Bem MIGRADO do SIPAT: Registro: 227742 - Origem: FUBDados da última movimentação no SIPAT:Ano: 2004 Número: 3646 Matrícula Remetente:  Matrícula Recebedor: 613878 Local Remetente:  Local Recebedor: 133728 Tipo de Movimentacão: 1 Data:  Justificativa:Documentos de Ingresso: TIPO DE DOC. INGRESSO: 1218 NOTA FISCALEmpenho(s): EMPENHOS: Número: 902072 Data:Abr 20 2004 12:00AM;Em uso;ACAUTELADO;BERNARDO KIPNIS;;;;;
UNB;110124_4381 - COORD.DO CURSO DE LETRAS-LIP/CEAD_186773;ALICE MELO RIBEIRO;368623;MICROCOMPUTADOR TIPO PC;Bem MIGRADO do SIPAT: Registro: 368623 - Origem: FUBDados da última movimentação no SIPAT:Ano: 2012 Número: 3076 Matrícula Remetente: 1042459 Matrícula Recebedor: 1015826 Local Remetente: 185501 Local Recebedor: 186773 Tipo de Movimentacão: 2 Data: Mar 29 2012  8:33AM Justificativa:Documentos de Ingresso: TIPO DE DOC. INGRESSO: 312922 NOTA FISCALEmpenho(s): EMPENHOS: Número: 808420 Data:Dez  2 2011 12:00AM;Em uso;ACAUTELADO;JANAINA DE AQUINO FERRAZ;;;;;
UNB;110124_4393 - SALA CTIC / CEAD;ALICE MELO RIBEIRO;476186;MICROCOMPUTADOR TIPO PC;Bem MIGRADO do SIPAT: Registro: 476186 - Origem: FUBDados da última movimentação no SIPAT:Ano: 2020 Número: 2980 Matrícula Remetente:  Matrícula Recebedor: 1094122 Local Remetente:  Local Recebedor: 191739 Tipo de Movimentacão: 1 Data: Jun  5 2020  4:50PM Justificativa: PROCESSO SEI 23106.154940/2019-53Documentos de Ingresso: TIPO DE DOC. INGRESSO: 1.725.322 NOTA FISCALEmpenho(s): EMPENHOS: Número: 805936 Data:Dez 26 2019 12:00AM;Em uso;ACAUTELADO;LUIS MARCOS MARTINS DO NASCIMENTO;;;;;
UNB;110124_4393 - SALA CTIC / CEAD;ALICE MELO RIBEIRO;407238;MICROCOMPUTADOR TIPO PC;Bem MIGRADO do SIPAT: Registro: 407238 - Origem: FUBDados da última movimentação no SIPAT:Ano: 2019 Número: 13812 Matrícula Remetente: 1106775 Matrícula Recebedor: 1120450 Local Remetente: 191747 Local Recebedor: 191747 Tipo de Movimentacão: 3 Data: Set 26 2019  2:56PM Justificativa: Processo n. 23106.120919/2019-54Documentos de Ingresso: TIPO DE DOC. INGRESSO: 28585 NOTA FISCALEmpenho(s): EMPENHOS: Número: 805349 Data:Out 15 2013 12:00AM;Em uso;ACAUTELADO;LUIS MARCOS MARTINS DO NASCIMENTO;;;;;
UNB;110124_4392 - SALA DA COORD. PLANEJAMENTO E FINANANÇAS / CEAD;ALICE MELO RIBEIRO;407241;MICROCOMPUTADOR TIPO PC;Bem MIGRADO do SIPAT: Registro: 407241 - Origem: FUBDados da última movimentação no SIPAT:Ano: 2019 Número: 6999 Matrícula Remetente: 866423 Matrícula Recebedor: 1120450 Local Remetente: 133728 Local Recebedor: 191747 Tipo de Movimentacão: 2 Data: Jun 27 2019  1:22PM Justificativa:Documentos de Ingresso: TIPO DE DOC. INGRESSO: 28585 NOTA FISCALEmpenho(s): EMPENHOS: Número: 805349 Data:Out 15 2013 12:00AM;Em uso;ACAUTELADO;BRENO MESQUITA DA SILVA;;;;;
UNB;110124_4392 - SALA DA COORD. PLANEJAMENTO E FINANANÇAS / CEAD;ALICE MELO RIBEIRO;407242;MICROCOMPUTADOR TIPO PC;Bem MIGRADO do SIPAT: Registro: 407242 - Origem: FUBDados da última movimentação no SIPAT:Ano: 2019 Número: 11116 Matrícula Remetente: 1030906 Matrícula Recebedor: 1043633 Local Remetente: 133728 Local Recebedor: 191748 Tipo de Movimentacão: 2 Data: Ago 19 2019 11:48AM Justificativa:Documentos de Ingresso: TIPO DE DOC. INGRESSO: 28585 NOTA FISCALEmpenho(s): EMPENHOS: Número: 805349 Data:Out 15 2013 12:00AM;Em uso;ACAUTELADO;BRENO MESQUITA DA SILVA;;;;;
UNB;110124_4391 - SALA DA SECRETARIA / CEAD;ALICE MELO RIBEIRO;442035;MICROCOMPUTADOR TIPO PC;Bem MIGRADO do SIPAT: Registro: 442035 - Origem: FUBDados da última movimentação no SIPAT:Ano: 2019 Número: 11120 Matrícula Remetente: 1036581 Matrícula Recebedor: 1043633 Local Remetente: 185143 Local Recebedor: 191748 Tipo de Movimentacão: 2 Data: Ago 20 2019  2:41PM Justificativa:Documentos de Ingresso: TIPO DE DOC. INGRESSO: 2981 NOTA FISCALEmpenho(s): EMPENHOS: Número: 804567 Data:Out 30 2015 12:00AM;Em uso;EFETIVADO;;;;;;
UNB;110124_4393 - SALA CTIC / CEAD;ALICE MELO RIBEIRO;368624;MICROCOMPUTADOR TIPO PC;Bem MIGRADO do SIPAT: Registro: 368624 - Origem: FUBDados da última movimentação no SIPAT:Ano: 2019 Número: 9474 Matrícula Remetente: 713546 Matrícula Recebedor: 1123220 Local Remetente: 185501 Local Recebedor: 191753 Tipo de Movimentacão: 2 Data: Jul 30 2019  3:59PM Justificativa:Documentos de Ingresso: TIPO DE DOC. INGRESSO: 312922 NOTA FISCALEmpenho(s): EMPENHOS: Número: 808420 Data:Dez  2 2011 12:00AM;Em uso;ACAUTELADO;LUIS MARCOS MARTINS DO NASCIMENTO;;;;;
UNB;110124_4394 - SALA COORDENAÇÃO ACADÊMICA / CEAD;ALICE MELO RIBEIRO;414794;MICROCOMPUTADOR TIPO PC;Bem MIGRADO do SIPAT: Registro: 414794 - Origem: FUBDados da última movimentação no SIPAT:Ano: 2019 Número: 9489 Matrícula Remetente: 1043391 Matrícula Recebedor: 1123220 Local Remetente: 185501 Local Recebedor: 191753 Tipo de Movimentacão: 2 Data: Jul 31 2019  3:58PM Justificativa:Documentos de Ingresso: TIPO DE DOC. INGRESSO: 32645 NOTA FISCALEmpenho(s): EMPENHOS: Número: 806253 Data:Nov  7 2013 12:00AM;Em uso;EFETIVADO;;;;;;
UNB;110124_4392 - SALA DA COORD. PLANEJAMENTO E FINANANÇAS / CEAD;ALICE MELO RIBEIRO;414797;MICROCOMPUTADOR TIPO PC;Bem MIGRADO do SIPAT: Registro: 414797 - Origem: FUBDados da última movimentação no SIPAT:Ano: 2019 Número: 9489 Matrícula Remetente: 1043391 Matrícula Recebedor: 1123220 Local Remetente: 185501 Local Recebedor: 191753 Tipo de Movimentacão: 2 Data: Jul 31 2019  3:58PM Justificativa:Documentos de Ingresso: TIPO DE DOC. INGRESSO: 32645 NOTA FISCALEmpenho(s): EMPENHOS: Número: 806253 Data:Nov  7 2013 12:00AM;Em uso;ACAUTELADO;BRENO MESQUITA DA SILVA;;;;;
UNB;110124_4398 - SALA ILHA DE EDIÇÃO / CEAD;ALICE MELO RIBEIRO;468600;MICROCOMPUTADOR TIPO PC;Bem MIGRADO do SIPAT: Registro: 468600 - Origem: FUBDados da última movimentação no SIPAT:Ano: 2019 Número: 9480 Matrícula Remetente: 1094122 Matrícula Recebedor: 1123220 Local Remetente: 133728 Local Recebedor: 191753 Tipo de Movimentacão: 2 Data: Jul 30 2019  3:06PM Justificativa:Documentos de Ingresso: TIPO DE DOC. INGRESSO: 935.132 NOTA FISCALEmpenho(s): EMPENHOS: Número: 804822 Data:Out 26 2018 12:00AM;Em uso;EFETIVADO;;;;;;
UNB;110124_4373 - CENTRO DE EDUCAÇÃO À DISTÂNCIA/CEAD_133728;ALICE MELO RIBEIRO;235796;MICROCOMPUTADOR TIPO PC;Bem MIGRADO do SIPAT: Registro: 235796 - Origem: FUBDados da última movimentação no SIPAT:Ano: 2005 Número: 6514 Matrícula Remetente:  Matrícula Recebedor: 613878 Local Remetente:  Local Recebedor: 133728 Tipo de Movimentacão: 1 Data:  Justificativa:Documentos de Ingresso: TIPO DE DOC. INGRESSO: 15987 NOTA FISCALEmpenho(s): EMPENHOS: Número: 903615 Data:Jun 21 2005 12:00AM;Em uso;ACAUTELADO;BERNARDO KIPNIS;;;;;
UNB;110124_4373 - CENTRO DE EDUCAÇÃO À DISTÂNCIA/CEAD_133728;ALICE MELO RIBEIRO;235799;MICROCOMPUTADOR TIPO PC;Bem MIGRADO do SIPAT: Registro: 235799 - Origem: FUBDados da última movimentação no SIPAT:Ano: 2005 Número: 6514 Matrícula Remetente:  Matrícula Recebedor: 613878 Local Remetente:  Local Recebedor: 133728 Tipo de Movimentacão: 1 Data:  Justificativa:Documentos de Ingresso: TIPO DE DOC. INGRESSO: 15987 NOTA FISCALEmpenho(s): EMPENHOS: Número: 903615 Data:Jun 21 2005 12:00AM;Em uso;ACAUTELADO;BERNARDO KIPNIS;;;;;
UNB;110124_4373 - CENTRO DE EDUCAÇÃO À DISTÂNCIA/CEAD_133728;ALICE MELO RIBEIRO;235802;MICROCOMPUTADOR TIPO PC;Bem MIGRADO do SIPAT: Registro: 235802 - Origem: FUBDados da última movimentação no SIPAT:Ano: 2005 Número: 6514 Matrícula Remetente:  Matrícula Recebedor: 613878 Local Remetente:  Local Recebedor: 133728 Tipo de Movimentacão: 1 Data:  Justificativa:Documentos de Ingresso: TIPO DE DOC. INGRESSO: 15987 NOTA FISCALEmpenho(s): EMPENHOS: Número: 903615 Data:Jun 21 2005 12:00AM;Em uso;ACAUTELADO;BERNARDO KIPNIS;;;;;
UNB;110124_4375 - UNIVERSIDADE ABERTA DO BRASIL/CEAD_185501;ALICE MELO RIBEIRO;273605;MICROCOMPUTADOR TIPO PC;Bem MIGRADO do SIPAT: Registro: 273605 - Origem: FUBDados da última movimentação no SIPAT:Ano: 2011 Número: 513 Matrícula Remetente: 1030892 Matrícula Recebedor: 713546 Local Remetente: 185501 Local Recebedor: 185501 Tipo de Movimentacão: 2 Data: Fev 17 2011  8:18AM Justificativa:Documentos de Ingresso: TIPO DE DOC. INGRESSO: 10053 NOTA FISCALEmpenho(s): EMPENHOS: Número: 911997 Data:Dez 17 2007 12:00AM;Em uso;ACAUTELADO;RUI SEIMETZ;;;;;
UNB;110124_4375 - UNIVERSIDADE ABERTA DO BRASIL/CEAD_185501;ALICE MELO RIBEIRO;342025;MICROCOMPUTADOR TIPO PC;Bem MIGRADO do SIPAT: Registro: 342025 - Origem: FUBDados da última movimentação no SIPAT:Ano: 2011 Número: 513 Matrícula Remetente: 1030892 Matrícula Recebedor: 713546 Local Remetente: 185501 Local Recebedor: 185501 Tipo de Movimentacão: 2 Data: Fev 17 2011  8:18AM Justificativa:Documentos de Ingresso: TIPO DE DOC. INGRESSO: 046008 NOTA FISCALEmpenho(s): EMPENHOS: Número: 915734 Data:Dez 12 2009 12:00AM;Em uso;ACAUTELADO;RUI SEIMETZ;;;;;
UNB;110124_4380 - COORD.DO CURSO DE MÚSICA-MUS/CEAD_186231;ALICE MELO RIBEIRO;368619;MICROCOMPUTADOR TIPO PC;Bem MIGRADO do SIPAT: Registro: 368619 - Origem: FUBDados da última movimentação no SIPAT:Ano: 2012 Número: 2651 Matrícula Remetente: 1042459 Matrícula Recebedor: 1044800 Local Remetente: 185501 Local Recebedor: 186231 Tipo de Movimentacão: 2 Data: Abr 12 2012 10:36AM Justificativa:Documentos de Ingresso: TIPO DE DOC. INGRESSO: 312922 NOTA FISCALEmpenho(s): EMPENHOS: Número: 808420 Data:Dez  2 2011 12:00AM;Em uso;EFETIVADO;;;;;;
UNB;110124_4381 - COORD.DO CURSO DE LETRAS-LIP/CEAD_186773;ALICE MELO RIBEIRO;414766;MICROCOMPUTADOR TIPO PC;Bem MIGRADO do SIPAT: Registro: 414766 - Origem: FUBDados da última movimentação no SIPAT:Ano: 2014 Número: 7633 Matrícula Remetente: 1043391 Matrícula Recebedor: 1064304 Local Remetente: 185501 Local Recebedor: 186773 Tipo de Movimentacão: 2 Data: Jan 30 2015 11:21AM Justificativa:Documentos de Ingresso: TIPO DE DOC. INGRESSO: 32645 NOTA FISCALEmpenho(s): EMPENHOS: Número: 806253 Data:Nov  7 2013 12:00AM;Em uso;ACAUTELADO;FRANCISCA CORDELIA OLIVEIRA DA SILVA;;;;;
UNB;110124_4394 - SALA COORDENAÇÃO ACADÊMICA / CEAD;ALICE MELO RIBEIRO;476182;MICROCOMPUTADOR TIPO PC;Bem MIGRADO do SIPAT: Registro: 476182 - Origem: FUBDados da última movimentação no SIPAT:Ano: 2020 Número: 2980 Matrícula Remetente:  Matrícula Recebedor: 1094122 Local Remetente:  Local Recebedor: 191739 Tipo de Movimentacão: 1 Data: Jun  5 2020  4:50PM Justificativa: PROCESSO SEI 23106.154940/2019-53Documentos de Ingresso: TIPO DE DOC. INGRESSO: 1.725.322 NOTA FISCALEmpenho(s): EMPENHOS: Número: 805936 Data:Dez 26 2019 12:00AM;Em uso;ACAUTELADO;NATTACHA LIDIANY FERNANDES DOS SANTOS;;;;;
UNB;110124_4393 - SALA CTIC / CEAD;ALICE MELO RIBEIRO;476188;MICROCOMPUTADOR TIPO PC;Bem MIGRADO do SIPAT: Registro: 476188 - Origem: FUBDados da última movimentação no SIPAT:Ano: 2020 Número: 2980 Matrícula Remetente:  Matrícula Recebedor: 1094122 Local Remetente:  Local Recebedor: 191739 Tipo de Movimentacão: 1 Data: Jun  5 2020  4:50PM Justificativa: PROCESSO SEI 23106.154940/2019-53Documentos de Ingresso: TIPO DE DOC. INGRESSO: 1.725.322 NOTA FISCALEmpenho(s): EMPENHOS: Número: 805936 Data:Dez 26 2019 12:00AM;Em uso;ACAUTELADO;LUIS MARCOS MARTINS DO NASCIMENTO;;;;;
UNB;110124_4391 - SALA DA SECRETARIA / CEAD;ALICE MELO RIBEIRO;407233;MICROCOMPUTADOR TIPO PC;Bem MIGRADO do SIPAT: Registro: 407233 - Origem: FUBDados da última movimentação no SIPAT:Ano: 2019 Número: 8295 Matrícula Remetente: 1107500 Matrícula Recebedor: 1120611 Local Remetente: 133728 Local Recebedor: 191751 Tipo de Movimentacão: 2 Data: Jul  9 2019  8:57AM Justificativa:Documentos de Ingresso: TIPO DE DOC. INGRESSO: 28585 NOTA FISCALEmpenho(s): EMPENHOS: Número: 805349 Data:Out 15 2013 12:00AM;Em uso;ACAUTELADO;MARIA HELENA BAHIA BEZERRA;;;;;
UNB;110124_4393 - SALA CTIC / CEAD;ALICE MELO RIBEIRO;407239;MICROCOMPUTADOR TIPO PC;Bem MIGRADO do SIPAT: Registro: 407239 - Origem: FUBDados da última movimentação no SIPAT:Ano: 2019 Número: 6746 Matrícula Remetente: 1107500 Matrícula Recebedor: 1047931 Local Remetente: 133728 Local Recebedor: 191751 Tipo de Movimentacão: 2 Data: Jul  8 2019  4:15PM Justificativa:Documentos de Ingresso: TIPO DE DOC. INGRESSO: 28585 NOTA FISCALEmpenho(s): EMPENHOS: Número: 805349 Data:Out 15 2013 12:00AM;Em uso;ACAUTELADO;LUIS MARCOS MARTINS DO NASCIMENTO;;;;;
UNB;110124_4398 - SALA ILHA DE EDIÇÃO / CEAD;ALICE MELO RIBEIRO;407244;MICROCOMPUTADOR TIPO PC;Bem MIGRADO do SIPAT: Registro: 407244 - Origem: FUBDados da última movimentação no SIPAT:Ano: 2019 Número: 6734 Matrícula Remetente: 866423 Matrícula Recebedor: 1041321 Local Remetente: 133728 Local Recebedor: 191751 Tipo de Movimentacão: 2 Data: Jun 27 2019  1:22PM Justificativa:Documentos de Ingresso: TIPO DE DOC. INGRESSO: 28585 NOTA FISCALEmpenho(s): EMPENHOS: Número: 805349 Data:Out 15 2013 12:00AM;Em uso;EFETIVADO;;;;;;
UNB;110124_4386 - SALA DE REUNIÃO / CEAD;ALICE MELO RIBEIRO;468597;MICROCOMPUTADOR TIPO PC;Bem MIGRADO do SIPAT: Registro: 468597 - Origem: FUBDados da última movimentação no SIPAT:Ano: 2019 Número: 9430 Matrícula Remetente: 1094122 Matrícula Recebedor: 1116100 Local Remetente: 133728 Local Recebedor: 191754 Tipo de Movimentacão: 2 Data: Jul 30 2019  3:07PM Justificativa:Documentos de Ingresso: TIPO DE DOC. INGRESSO: 935.132 NOTA FISCALEmpenho(s): EMPENHOS: Número: 804822 Data:Out 26 2018 12:00AM;Em uso;ACAUTELADO;;;;;;
UNB;110124_4373 - CENTRO DE EDUCAÇÃO À DISTÂNCIA/CEAD_133728;ALICE MELO RIBEIRO;235791;MICROCOMPUTADOR TIPO PC;Bem MIGRADO do SIPAT: Registro: 235791 - Origem: FUBDados da última movimentação no SIPAT:Ano: 2005 Número: 6514 Matrícula Remetente:  Matrícula Recebedor: 613878 Local Remetente:  Local Recebedor: 133728 Tipo de Movimentacão: 1 Data:  Justificativa:Documentos de Ingresso: TIPO DE DOC. INGRESSO: 15987 NOTA FISCALEmpenho(s): EMPENHOS: Número: 903615 Data:Jun 21 2005 12:00AM;Em uso;ACAUTELADO;BERNARDO KIPNIS;;;;;
UNB;110124_4373 - CENTRO DE EDUCAÇÃO À DISTÂNCIA/CEAD_133728;ALICE MELO RIBEIRO;235794;MICROCOMPUTADOR TIPO PC;Bem MIGRADO do SIPAT: Registro: 235794 - Origem: FUBDados da última movimentação no SIPAT:Ano: 2005 Número: 6514 Matrícula Remetente:  Matrícula Recebedor: 613878 Local Remetente:  Local Recebedor: 133728 Tipo de Movimentacão: 1 Data:  Justificativa:Documentos de Ingresso: TIPO DE DOC. INGRESSO: 15987 NOTA FISCALEmpenho(s): EMPENHOS: Número: 903615 Data:Jun 21 2005 12:00AM;Em uso;ACAUTELADO;BERNARDO KIPNIS;;;;;
UNB;110124_4373 - CENTRO DE EDUCAÇÃO À DISTÂNCIA/CEAD_133728;ALICE MELO RIBEIRO;235797;MICROCOMPUTADOR TIPO PC;Bem MIGRADO do SIPAT: Registro: 235797 - Origem: FUBDados da última movimentação no SIPAT:Ano: 2005 Número: 6514 Matrícula Remetente:  Matrícula Recebedor: 613878 Local Remetente:  Local Recebedor: 133728 Tipo de Movimentacão: 1 Data:  Justificativa:Documentos de Ingresso: TIPO DE DOC. INGRESSO: 15987 NOTA FISCALEmpenho(s): EMPENHOS: Número: 903615 Data:Jun 21 2005 12:00AM;Em uso;ACAUTELADO;BERNARDO KIPNIS;;;;;
UNB;110124_4391 - SALA DA SECRETARIA / CEAD;ALICE MELO RIBEIRO;477237;MICROCOMPUTADOR TIPO PC;Bem MIGRADO do SIPAT: Registro: 477237 - Origem: FUBDados da última movimentação no SIPAT:Ano: 2020 Número: 3017 Matrícula Remetente:  Matrícula Recebedor: 1094122 Local Remetente:  Local Recebedor: 191739 Tipo de Movimentacão: 1 Data: Jun  5 2020  4:56PM Justificativa:Documentos de Ingresso: TIPO DE DOC. INGRESSO: 1.723.496 NOTA FISCALEmpenho(s): EMPENHOS: Número: 805935 Data:Dez 26 2019 12:00AM;Em uso;ACAUTELADO;;;;;;
UNB;110124_4385 - SALA DA ASSESSORIA DA UAB / CEAD;ALICE MELO RIBEIRO;477289;MICROCOMPUTADOR TIPO PC;Bem MIGRADO do SIPAT: Registro: 477289 - Origem: FUBDados da última movimentação no SIPAT:Ano: 2020 Número: 3014 Matrícula Remetente:  Matrícula Recebedor: 1094122 Local Remetente:  Local Recebedor: 191739 Tipo de Movimentacão: 1 Data: Jun  5 2020  4:51PM Justificativa:Documentos de Ingresso: TIPO DE DOC. INGRESSO: 1.723.497 NOTA FISCALEmpenho(s): EMPENHOS: Número: 805935 Data:Dez 26 2019 12:00AM;Em uso;EFETIVADO;;;;;;
UNB;110124_4394 - SALA COORDENAÇÃO ACADÊMICA / CEAD;ALICE MELO RIBEIRO;477292;MICROCOMPUTADOR TIPO PC;Bem MIGRADO do SIPAT: Registro: 477292 - Origem: FUBDados da última movimentação no SIPAT:Ano: 2020 Número: 3014 Matrícula Remetente:  Matrícula Recebedor: 1094122 Local Remetente:  Local Recebedor: 191739 Tipo de Movimentacão: 1 Data: Jun  5 2020  4:51PM Justificativa:Documentos de Ingresso: TIPO DE DOC. INGRESSO: 1.723.497 NOTA FISCALEmpenho(s): EMPENHOS: Número: 805935 Data:Dez 26 2019 12:00AM;Em uso;EFETIVADO;;;;;;
UNB;110124_4387 - RECEPÇÃO / CEAD;ALICE MELO RIBEIRO;442038;MICROCOMPUTADOR TIPO PC;Bem MIGRADO do SIPAT: Registro: 442038 - Origem: FUBDados da última movimentação no SIPAT:Ano: 2019 Número: 6672 Matrícula Remetente: 1036581 Matrícula Recebedor: 1094122 Local Remetente: 185143 Local Recebedor: 191742 Tipo de Movimentacão: 2 Data: Jun 27 2019  1:39PM Justificativa:Documentos de Ingresso: TIPO DE DOC. INGRESSO: 2981 NOTA FISCALEmpenho(s): EMPENHOS: Número: 804567 Data:Out 30 2015 12:00AM;Em uso;EFETIVADO;;;;;;
UNB;110124_4398 - SALA ILHA DE EDIÇÃO / CEAD;ALICE MELO RIBEIRO;442036;MICROCOMPUTADOR TIPO PC;Bem MIGRADO do SIPAT: Registro: 442036 - Origem: FUBDados da última movimentação no SIPAT:Ano: 2020 Número: 916 Matrícula Remetente: 1043633 Matrícula Recebedor: 1120450 Local Remetente: 191748 Local Recebedor: 191747 Tipo de Movimentacão: 2 Data: Jan 31 2020  3:00PM Justificativa:Documentos de Ingresso: TIPO DE DOC. INGRESSO: 2981 NOTA FISCALEmpenho(s): EMPENHOS: Número: 804567 Data:Out 30 2015 12:00AM;Em uso;EFETIVADO;;;;;;
UNB;110124_4394 - SALA COORDENAÇÃO ACADÊMICA / CEAD;ALICE MELO RIBEIRO;368607;MICROCOMPUTADOR TIPO PC;Bem MIGRADO do SIPAT: Registro: 368607 - Origem: FUBDados da última movimentação no SIPAT:Ano: 2019 Número: 6742 Matrícula Remetente: 713546 Matrícula Recebedor: 1041321 Local Remetente: 185501 Local Recebedor: 191751 Tipo de Movimentacão: 2 Data: Jun 26 2019  2:21PM Justificativa:Documentos de Ingresso: TIPO DE DOC. INGRESSO: 312922 NOTA FISCALEmpenho(s): EMPENHOS: Número: 808420 Data:Dez  2 2011 12:00AM;Em uso;EFETIVADO;;;;;;
UNB;110124_4394 - SALA COORDENAÇÃO ACADÊMICA / CEAD;ALICE MELO RIBEIRO;468598;MICROCOMPUTADOR TIPO PC;Bem MIGRADO do SIPAT: Registro: 468598 - Origem: FUBDados da última movimentação no SIPAT:Ano: 2019 Número: 9430 Matrícula Remetente: 1094122 Matrícula Recebedor: 1116100 Local Remetente: 133728 Local Recebedor: 191754 Tipo de Movimentacão: 2 Data: Jul 30 2019  3:07PM Justificativa:Documentos de Ingresso: TIPO DE DOC. INGRESSO: 935.132 NOTA FISCALEmpenho(s): EMPENHOS: Número: 804822 Data:Out 26 2018 12:00AM;Em uso;ACAUTELADO;BRUNA EVELIN SOUZA FILGUEIRAS;;;;;
UNB;110124_4393 - SALA CTIC / CEAD;ALICE MELO RIBEIRO;414820;MICROCOMPUTADOR TIPO WORKSTATION;Bem MIGRADO do SIPAT: Registro: 414820 - Origem: FUBDados da última movimentação no SIPAT:Ano: 2019 Número: 7178 Matrícula Remetente: 1043391 Matrícula Recebedor: 1043633 Local Remetente: 185501 Local Recebedor: 191748 Tipo de Movimentacão: 2 Data: Jun 28 2019 10:36AM Justificativa:Documentos de Ingresso: TIPO DE DOC. INGRESSO: 32645 NOTA FISCALEmpenho(s): EMPENHOS: Número: 806253 Data:Nov  7 2013 12:00AM;Em uso;ACAUTELADO;LUIS MARCOS MARTINS DO NASCIMENTO;;;;;
UNB;110124_4385 - SALA DA ASSESSORIA DA UAB / CEAD;ALICE MELO RIBEIRO;414821;MICROCOMPUTADOR TIPO WORKSTATION;Bem MIGRADO do SIPAT: Registro: 414821 - Origem: FUBDados da última movimentação no SIPAT:Ano: 2019 Número: 7171 Matrícula Remetente: 1043391 Matrícula Recebedor: 1046675 Local Remetente: 185501 Local Recebedor: 191748 Tipo de Movimentacão: 2 Data: Jun 24 2019  8:48AM Justificativa:Documentos de Ingresso: TIPO DE DOC. INGRESSO: 32645 NOTA FISCALEmpenho(s): EMPENHOS: Número: 806253 Data:Nov  7 2013 12:00AM;Em uso;EFETIVADO;;;;;;
UNB;110124_4372 - SALA DO RACK / CEAD;ALICE MELO RIBEIRO;414822;MICROCOMPUTADOR TIPO WORKSTATION;Bem MIGRADO do SIPAT: Registro: 414822 - Origem: FUBDados da última movimentação no SIPAT:Ano: 2019 Número: 11134 Matrícula Remetente: 1043391 Matrícula Recebedor: 1043633 Local Remetente: 185501 Local Recebedor: 191748 Tipo de Movimentacão: 2 Data: Ago 20 2019  1:09PM Justificativa:Documentos de Ingresso: TIPO DE DOC. INGRESSO: 32645 NOTA FISCALEmpenho(s): EMPENHOS: Número: 806253 Data:Nov  7 2013 12:00AM;Em uso;EFETIVADO;;;;;;
UNB;110124_4391 - SALA DA SECRETARIA / CEAD;ALICE MELO RIBEIRO;407266;MICROCOMPUTADOR TIPO WORKSTATION;Bem MIGRADO do SIPAT: Registro: 407266 - Origem: FUBDados da última movimentação no SIPAT:Ano: 2019 Número: 9473 Matrícula Remetente: 1047931 Matrícula Recebedor: 1123220 Local Remetente: 133728 Local Recebedor: 191753 Tipo de Movimentacão: 2 Data: Jul 31 2019 10:47AM Justificativa:Documentos de Ingresso: TIPO DE DOC. INGRESSO: 28585 NOTA FISCALEmpenho(s): EMPENHOS: Número: 805349 Data:Out 15 2013 12:00AM;Em uso;ACAUTELADO;JANAINA RIBEIRO DE CARVALHO;;;;;
UNB;110124_4396 - SALA ESTÚDIO DE GRAVAÇÃO / CEAD;ALICE MELO RIBEIRO;2024001526;-MICROFONE C/FIO -MODELO: TM584;-PROCESSO DE EMPENHO SEI: 23106.131980/2023-11 *2023NE4410-PROCESSO DE PAGAMENTO SEI: 23106.012643/2024-07-UNIDADE REQUISITANTE: CENTRO DE EDUCAÇÃO A DISTANCIA E TECNOLOGIAS EDUCACIONAIS-NF:1974 SÉ;Em uso;EFETIVADO;;;;;;
UNB;110124_4396 - SALA ESTÚDIO DE GRAVAÇÃO / CEAD;ALICE MELO RIBEIRO;2024001527;-MICROFONE C/FIO -MODELO: TM584;-PROCESSO DE EMPENHO SEI: 23106.131980/2023-11 *2023NE4410-PROCESSO DE PAGAMENTO SEI: 23106.012643/2024-07-UNIDADE REQUISITANTE: CENTRO DE EDUCAÇÃO A DISTANCIA E TECNOLOGIAS EDUCACIONAIS-NF:1974 SÉ;Em uso;EFETIVADO;;;;;;
UNB;110124_4396 - SALA ESTÚDIO DE GRAVAÇÃO / CEAD;ALICE MELO RIBEIRO;385995;MICROFONE DE LAPELA;Bem MIGRADO do SIPAT: Registro: 385995 - Origem: PESFISDados da última movimentação no SIPAT:Ano: 2019 Número: 9954 Matrícula Remetente: 713546 Matrícula Recebedor: 1116100 Local Remetente: 186134 Local Recebedor: 191754 Tipo de Movimentacão: 2 Data: Ago  1 2019  2:59PM Justificativa:Documentos de Ingresso: Empenho(s):;Em uso;EFETIVADO;;;;;;
UNB;110124_4396 - SALA ESTÚDIO DE GRAVAÇÃO / CEAD;ALICE MELO RIBEIRO;469974;MICROFONE DE LAPELA;Bem MIGRADO do SIPAT: Registro: 469974 - Origem: FUBDados da última movimentação no SIPAT:Ano: 2019 Número: 10383 Matrícula Remetente: 1094122 Matrícula Recebedor: 1116100 Local Remetente: 133728 Local Recebedor: 191754 Tipo de Movimentacão: 2 Data: Ago  8 2019 11:55AM Justificativa:Documentos de Ingresso: TIPO DE DOC. INGRESSO: 254 NOTA FISCALEmpenho(s): EMPENHOS: Número: 805068 Data:Nov  5 2018 12:00AM;Em uso;EFETIVADO;;;;;;
UNB;110124_4396 - SALA ESTÚDIO DE GRAVAÇÃO / CEAD;ALICE MELO RIBEIRO;472253;MICROFONE DE LAPELA;Bem MIGRADO do SIPAT: Registro: 472253 - Origem: FUBDados da última movimentação no SIPAT:Ano: 2020 Número: 997 Matrícula Remetente:  Matrícula Recebedor: 1116100 Local Remetente:  Local Recebedor: 191754 Tipo de Movimentacão: 1 Data: Fev  5 2020 10:06AM Justificativa:Documentos de Ingresso: TIPO DE DOC. INGRESSO: 308 NOTA FISCALEmpenho(s): EMPENHOS: Número: 805043 Data:Nov  5 2018 12:00AM;Em uso;EFETIVADO;;;;;;
UNB;110124_4396 - SALA ESTÚDIO DE GRAVAÇÃO / CEAD;ALICE MELO RIBEIRO;385994;MICROFONE DE LAPELA;Bem MIGRADO do SIPAT: Registro: 385994 - Origem: PESFISDados da última movimentação no SIPAT:Ano: 2019 Número: 9954 Matrícula Remetente: 713546 Matrícula Recebedor: 1116100 Local Remetente: 186134 Local Recebedor: 191754 Tipo de Movimentacão: 2 Data: Ago  1 2019  2:59PM Justificativa:Documentos de Ingresso: Empenho(s):;Em uso;EFETIVADO;;;;;;
UNB;110124_4396 - SALA ESTÚDIO DE GRAVAÇÃO / CEAD;ALICE MELO RIBEIRO;469975;MICROFONE DE LAPELA;Bem MIGRADO do SIPAT: Registro: 469975 - Origem: FUBDados da última movimentação no SIPAT:Ano: 2019 Número: 10383 Matrícula Remetente: 1094122 Matrícula Recebedor: 1116100 Local Remetente: 133728 Local Recebedor: 191754 Tipo de Movimentacão: 2 Data: Ago  8 2019 11:55AM Justificativa:Documentos de Ingresso: TIPO DE DOC. INGRESSO: 254 NOTA FISCALEmpenho(s): EMPENHOS: Número: 805068 Data:Nov  5 2018 12:00AM;Em uso;EFETIVADO;;;;;;
UNB;110124_4396 - SALA ESTÚDIO DE GRAVAÇÃO / CEAD;ALICE MELO RIBEIRO;469976;MICROFONE PROFISSIONAL;Bem MIGRADO do SIPAT: Registro: 469976 - Origem: FUBDados da última movimentação no SIPAT:Ano: 2019 Número: 10383 Matrícula Remetente: 1094122 Matrícula Recebedor: 1116100 Local Remetente: 133728 Local Recebedor: 191754 Tipo de Movimentacão: 2 Data: Ago  8 2019 11:55AM Justificativa:Documentos de Ingresso: TIPO DE DOC. INGRESSO: 254 NOTA FISCALEmpenho(s): EMPENHOS: Número: 805068 Data:Nov  5 2018 12:00AM;Em uso;EFETIVADO;;;;;;
UNB;110124_4396 - SALA ESTÚDIO DE GRAVAÇÃO / CEAD;ALICE MELO RIBEIRO;469977;MICROFONE PROFISSIONAL;Bem MIGRADO do SIPAT: Registro: 469977 - Origem: FUBDados da última movimentação no SIPAT:Ano: 2019 Número: 10383 Matrícula Remetente: 1094122 Matrícula Recebedor: 1116100 Local Remetente: 133728 Local Recebedor: 191754 Tipo de Movimentacão: 2 Data: Ago  8 2019 11:55AM Justificativa:Documentos de Ingresso: TIPO DE DOC. INGRESSO: 254 NOTA FISCALEmpenho(s): EMPENHOS: Número: 805068 Data:Nov  5 2018 12:00AM;Em uso;EFETIVADO;;;;;;
UNB;110124_4396 - SALA ESTÚDIO DE GRAVAÇÃO / CEAD;ALICE MELO RIBEIRO;351925;MICROFONE SEM FIO;Bem MIGRADO do SIPAT: Registro: 351925 - Origem: FUBDados da última movimentação no SIPAT:Ano: 2019 Número: 9955 Matrícula Remetente: 713546 Matrícula Recebedor: 1123220 Local Remetente: 185501 Local Recebedor: 191753 Tipo de Movimentacão: 2 Data: Ago  1 2019  2:59PM Justificativa:Documentos de Ingresso: TIPO DE DOC. INGRESSO: 119 NOTA FISCALEmpenho(s): EMPENHOS: Número: 908272 Data:Dez  6 2010 12:00AM;Em uso;EFETIVADO;;;;;;
UNB;110124_4396 - SALA ESTÚDIO DE GRAVAÇÃO / CEAD;ALICE MELO RIBEIRO;2024001177;-MICROFONE SEM FIO DE MÃO -N/S: 0375052303736;-PROCESSO DE EMPENHO SEI: 23106.131980/2023-11 *2023NE4411-PROCESSO DE PAGAMENTO SEI: 23106.005882/2024-01-UNIDADE REQUISITANTE: CENTRO DE EDUCAÇÃO A DISTÂNCIA E TECNOLOGIAS EDUCACIONAIS (11.01.24);Em uso;EFETIVADO;;;;;;
UNB;110124_4396 - SALA ESTÚDIO DE GRAVAÇÃO / CEAD;ALICE MELO RIBEIRO;2024001176;-MICROFONE SEM FIO DE MÃO -N/S: 0375052303737;-PROCESSO DE EMPENHO SEI: 23106.131980/2023-11 *2023NE4411-PROCESSO DE PAGAMENTO SEI: 23106.005882/2024-01-UNIDADE REQUISITANTE: CENTRO DE EDUCAÇÃO A DISTÂNCIA E TECNOLOGIAS EDUCACIONAIS (11.01.24);Em uso;EFETIVADO;;;;;;
UNB;110124_4398 - SALA ILHA DE EDIÇÃO / CEAD;ALICE MELO RIBEIRO;2023003368;MONITOR AOC 23;8P 24P1U;AOC;Em uso;EFETIVADO;;;;;
UNB;110124_4394 - SALA COORDENAÇÃO ACADÊMICA / CEAD;ALICE MELO RIBEIRO;2023003370;MONITOR AOC 23;8P 24P1U;AOC;Em uso;EFETIVADO;;;;;
UNB;110124_4394 - SALA COORDENAÇÃO ACADÊMICA / CEAD;ALICE MELO RIBEIRO;2023003369;MONITOR AOC 23;8P 24P1U   ;AOC;Em uso;EFETIVADO;;;;;
UNB;110124_4373 - CENTRO DE EDUCAÇÃO À DISTÂNCIA/CEAD_133728;ALICE MELO RIBEIRO;235867;MONITOR DE VÍDEO;Bem MIGRADO do SIPAT: Registro: 235867 - Origem: FUBDados da última movimentação no SIPAT:Ano: 2005 Número: 6514 Matrícula Remetente:  Matrícula Recebedor: 613878 Local Remetente:  Local Recebedor: 133728 Tipo de Movimentacão: 1 Data:  Justificativa:Documentos de Ingresso: TIPO DE DOC. INGRESSO: 15989 NOTA FISCALEmpenho(s): EMPENHOS: Número: 903615 Data:Jun 21 2005 12:00AM;Em uso;ACAUTELADO;BERNARDO KIPNIS;;;;;
UNB;110124_4373 - CENTRO DE EDUCAÇÃO À DISTÂNCIA/CEAD_133728;ALICE MELO RIBEIRO;235870;MONITOR DE VÍDEO;Bem MIGRADO do SIPAT: Registro: 235870 - Origem: FUBDados da última movimentação no SIPAT:Ano: 2005 Número: 6514 Matrícula Remetente:  Matrícula Recebedor: 613878 Local Remetente:  Local Recebedor: 133728 Tipo de Movimentacão: 1 Data:  Justificativa:Documentos de Ingresso: TIPO DE DOC. INGRESSO: 15989 NOTA FISCALEmpenho(s): EMPENHOS: Número: 903615 Data:Jun 21 2005 12:00AM;Em uso;ACAUTELADO;BERNARDO KIPNIS;;;;;
UNB;110124_4373 - CENTRO DE EDUCAÇÃO À DISTÂNCIA/CEAD_133728;ALICE MELO RIBEIRO;235914;MONITOR DE VÍDEO;Bem MIGRADO do SIPAT: Registro: 235914 - Origem: FUBDados da última movimentação no SIPAT:Ano: 2005 Número: 6514 Matrícula Remetente:  Matrícula Recebedor: 613878 Local Remetente:  Local Recebedor: 133728 Tipo de Movimentacão: 1 Data:  Justificativa:Documentos de Ingresso: TIPO DE DOC. INGRESSO: 15992 NOTA FISCALEmpenho(s): EMPENHOS: Número: 903615 Data:Jun 21 2005 12:00AM;Em uso;ACAUTELADO;BERNARDO KIPNIS;;;;;
UNB;110124_4385 - SALA DA ASSESSORIA DA UAB / CEAD;ALICE MELO RIBEIRO;407250;MONITOR DE VÍDEO;Bem MIGRADO do SIPAT: Registro: 407250 - Origem: FUBDados da última movimentação no SIPAT:Ano: 2019 Número: 6680 Matrícula Remetente: 1030906 Matrícula Recebedor: 1094122 Local Remetente: 133728 Local Recebedor: 191740 Tipo de Movimentacão: 2 Data: Jun 21 2019 11:19AM Justificativa:Documentos de Ingresso: TIPO DE DOC. INGRESSO: 28585 NOTA FISCALEmpenho(s): EMPENHOS: Número: 805349 Data:Out 15 2013 12:00AM;Em uso;EFETIVADO;;;;;;
UNB;110124_4391 - SALA DA SECRETARIA / CEAD;ALICE MELO RIBEIRO;407263;MONITOR DE VÍDEO;Bem MIGRADO do SIPAT: Registro: 407263 - Origem: FUBDados da última movimentação no SIPAT:Ano: 2019 Número: 6633 Matrícula Remetente: 866423 Matrícula Recebedor: 866423 Local Remetente: 133728 Local Recebedor: 191746 Tipo de Movimentacão: 2 Data: Jun 27 2019  1:19PM Justificativa:Documentos de Ingresso: TIPO DE DOC. INGRESSO: 28585 NOTA FISCALEmpenho(s): EMPENHOS: Número: 805349 Data:Out 15 2013 12:00AM;Em uso;ACAUTELADO;JANAINA RIBEIRO DE CARVALHO;;;;;
UNB;110124_4380 - COORD.DO CURSO DE MÚSICA-MUS/CEAD_186231;ALICE MELO RIBEIRO;368633;MONITOR DE VÍDEO;Bem MIGRADO do SIPAT: Registro: 368633 - Origem: FUBDados da última movimentação no SIPAT:Ano: 2012 Número: 2651 Matrícula Remetente: 1042459 Matrícula Recebedor: 1044800 Local Remetente: 185501 Local Recebedor: 186231 Tipo de Movimentacão: 2 Data: Abr 12 2012 10:36AM Justificativa:Documentos de Ingresso: TIPO DE DOC. INGRESSO: 312922 NOTA FISCALEmpenho(s): EMPENHOS: Número: 808420 Data:Dez  2 2011 12:00AM;Em uso;EFETIVADO;;;;;;
UNB;110124_4392 - SALA DA COORD. PLANEJAMENTO E FINANANÇAS / CEAD;ALICE MELO RIBEIRO;477314;MONITOR DE VÍDEO;Bem MIGRADO do SIPAT: Registro: 477314 - Origem: FUBDados da última movimentação no SIPAT:Ano: 2020 Número: 3014 Matrícula Remetente:  Matrícula Recebedor: 1094122 Local Remetente:  Local Recebedor: 191739 Tipo de Movimentacão: 1 Data: Jun  5 2020  4:51PM Justificativa:Documentos de Ingresso: TIPO DE DOC. INGRESSO: 1.723.497 NOTA FISCALEmpenho(s): EMPENHOS: Número: 805935 Data:Dez 26 2019 12:00AM;Em uso;ACAUTELADO;BRENO MESQUITA DA SILVA;;;;;
UNB;110124_4392 - SALA DA COORD. PLANEJAMENTO E FINANANÇAS / CEAD;ALICE MELO RIBEIRO;407249;MONITOR DE VÍDEO;Bem MIGRADO do SIPAT: Registro: 407249 - Origem: FUBDados da última movimentação no SIPAT:Ano: 2019 Número: 6997 Matrícula Remetente: 1107500 Matrícula Recebedor: 1120450 Local Remetente: 133728 Local Recebedor: 191747 Tipo de Movimentacão: 2 Data: Jun 24 2019  9:46AM Justificativa:Documentos de Ingresso: TIPO DE DOC. INGRESSO: 28585 NOTA FISCALEmpenho(s): EMPENHOS: Número: 805349 Data:Out 15 2013 12:00AM;Em uso;ACAUTELADO;BRENO MESQUITA DA SILVA;;;;;
UNB;110124_4396 - SALA ESTÚDIO DE GRAVAÇÃO / CEAD;ALICE MELO RIBEIRO;414811;MONITOR DE VÍDEO;Bem MIGRADO do SIPAT: Registro: 414811 - Origem: FUBDados da última movimentação no SIPAT:Ano: 2019 Número: 9489 Matrícula Remetente: 1043391 Matrícula Recebedor: 1123220 Local Remetente: 185501 Local Recebedor: 191753 Tipo de Movimentacão: 2 Data: Jul 31 2019  3:58PM Justificativa:Documentos de Ingresso: TIPO DE DOC. INGRESSO: 32645 NOTA FISCALEmpenho(s): EMPENHOS: Número: 806253 Data:Nov  7 2013 12:00AM;Em uso;EFETIVADO;;;;;;
UNB;110124_4392 - SALA DA COORD. PLANEJAMENTO E FINANANÇAS / CEAD;ALICE MELO RIBEIRO;414808;MONITOR DE VÍDEO;Bem MIGRADO do SIPAT: Registro: 414808 - Origem: FUBDados da última movimentação no SIPAT:Ano: 2019 Número: 13812 Matrícula Remetente: 1106775 Matrícula Recebedor: 1120450 Local Remetente: 191747 Local Recebedor: 191747 Tipo de Movimentacão: 3 Data: Set 26 2019  2:56PM Justificativa: Processo n. 23106.120919/2019-54Documentos de Ingresso: TIPO DE DOC. INGRESSO: 32645 NOTA FISCALEmpenho(s): EMPENHOS: Número: 806253 Data:Nov  7 2013 12:00AM;Em uso;ACAUTELADO;BRENO MESQUITA DA SILVA;;;;;
UNB;110124_4391 - SALA DA SECRETARIA / CEAD;ALICE MELO RIBEIRO;442041;MONITOR DE VÍDEO;Bem MIGRADO do SIPAT: Registro: 442041 - Origem: FUBDados da última movimentação no SIPAT:Ano: 2019 Número: 13812 Matrícula Remetente: 1106775 Matrícula Recebedor: 1120450 Local Remetente: 191747 Local Recebedor: 191747 Tipo de Movimentacão: 3 Data: Set 26 2019  2:56PM Justificativa: Processo n. 23106.120919/2019-54Documentos de Ingresso: TIPO DE DOC. INGRESSO: 2981 NOTA FISCALEmpenho(s): EMPENHOS: Número: 804567 Data:Out 30 2015 12:00AM;Em uso;ACAUTELADO;JANAINA RIBEIRO DE CARVALHO;;;;;
UNB;110124_4392 - SALA DA COORD. PLANEJAMENTO E FINANANÇAS / CEAD;ALICE MELO RIBEIRO;442044;MONITOR DE VÍDEO;Bem MIGRADO do SIPAT: Registro: 442044 - Origem: FUBDados da última movimentação no SIPAT:Ano: 2019 Número: 11190 Matrícula Remetente: 1036581 Matrícula Recebedor: 1120450 Local Remetente: 185143 Local Recebedor: 191747 Tipo de Movimentacão: 2 Data: Ago 21 2019  8:33AM Justificativa:Documentos de Ingresso: TIPO DE DOC. INGRESSO: 2981 NOTA FISCALEmpenho(s): EMPENHOS: Número: 804567 Data:Out 30 2015 12:00AM;Em uso;ACAUTELADO;BRENO MESQUITA DA SILVA;;;;;
UNB;110124_4394 - SALA COORDENAÇÃO ACADÊMICA / CEAD;ALICE MELO RIBEIRO;407267;MONITOR DE VÍDEO;Bem MIGRADO do SIPAT: Registro: 407267 - Origem: FUBDados da última movimentação no SIPAT:Ano: 2019 Número: 6745 Matrícula Remetente: 1030906 Matrícula Recebedor: 1047931 Local Remetente: 133728 Local Recebedor: 191751 Tipo de Movimentacão: 2 Data: Jul  8 2019  4:15PM Justificativa:Documentos de Ingresso: TIPO DE DOC. INGRESSO: 28585 NOTA FISCALEmpenho(s): EMPENHOS: Número: 805349 Data:Out 15 2013 12:00AM;Em uso;EFETIVADO;;;;;;
UNB;110124_4394 - SALA COORDENAÇÃO ACADÊMICA / CEAD;ALICE MELO RIBEIRO;368640;MONITOR DE VÍDEO;Bem MIGRADO do SIPAT: Registro: 368640 - Origem: FUBDados da última movimentação no SIPAT:Ano: 2019 Número: 9474 Matrícula Remetente: 713546 Matrícula Recebedor: 1123220 Local Remetente: 185501 Local Recebedor: 191753 Tipo de Movimentacão: 2 Data: Jul 30 2019  3:59PM Justificativa:Documentos de Ingresso: TIPO DE DOC. INGRESSO: 312922 NOTA FISCALEmpenho(s): EMPENHOS: Número: 808420 Data:Dez  2 2011 12:00AM;Em uso;EFETIVADO;;;;;;
UNB;110124_4393 - SALA CTIC / CEAD;ALICE MELO RIBEIRO;414787;MONITOR DE VÍDEO;Bem MIGRADO do SIPAT: Registro: 414787 - Origem: FUBDados da última movimentação no SIPAT:Ano: 2019 Número: 9489 Matrícula Remetente: 1043391 Matrícula Recebedor: 1123220 Local Remetente: 185501 Local Recebedor: 191753 Tipo de Movimentacão: 2 Data: Jul 31 2019  3:58PM Justificativa:Documentos de Ingresso: TIPO DE DOC. INGRESSO: 32645 NOTA FISCALEmpenho(s): EMPENHOS: Número: 806253 Data:Nov  7 2013 12:00AM;Em uso;EFETIVADO;;;;;;
UNB;110124_4394 - SALA COORDENAÇÃO ACADÊMICA / CEAD;ALICE MELO RIBEIRO;442043;MONITOR DE VÍDEO;Bem MIGRADO do SIPAT: Registro: 442043 - Origem: FUBDados da última movimentação no SIPAT:Ano: 2019 Número: 9490 Matrícula Remetente: 1036581 Matrícula Recebedor: 1123220 Local Remetente: 185143 Local Recebedor: 191753 Tipo de Movimentacão: 2 Data: Jul 31 2019 11:13AM Justificativa:Documentos de Ingresso: TIPO DE DOC. INGRESSO: 2981 NOTA FISCALEmpenho(s): EMPENHOS: Número: 804567 Data:Out 30 2015 12:00AM;Em uso;EFETIVADO;;;;;;
UNB;110124_4394 - SALA COORDENAÇÃO ACADÊMICA / CEAD;ALICE MELO RIBEIRO;351927;MONITOR DE VÍDEO;Bem MIGRADO do SIPAT: Registro: 351927 - Origem: FUBDados da última movimentação no SIPAT:Ano: 2019 Número: 9425 Matrícula Remetente: 713546 Matrícula Recebedor: 1116100 Local Remetente: 185501 Local Recebedor: 191754 Tipo de Movimentacão: 2 Data: Jul 30 2019  3:58PM Justificativa:Documentos de Ingresso: TIPO DE DOC. INGRESSO: 119 NOTA FISCALEmpenho(s): EMPENHOS: Número: 908272 Data:Dez  6 2010 12:00AM;Em uso;EFETIVADO;;;;;;
UNB;110124_4398 - SALA ILHA DE EDIÇÃO / CEAD;ALICE MELO RIBEIRO;468608;MONITOR DE VÍDEO;Bem MIGRADO do SIPAT: Registro: 468608 - Origem: FUBDados da última movimentação no SIPAT:Ano: 2019 Número: 9430 Matrícula Remetente: 1094122 Matrícula Recebedor: 1116100 Local Remetente: 133728 Local Recebedor: 191754 Tipo de Movimentacão: 2 Data: Jul 30 2019  3:07PM Justificativa:Documentos de Ingresso: TIPO DE DOC. INGRESSO: 935.132 NOTA FISCALEmpenho(s): EMPENHOS: Número: 804822 Data:Out 26 2018 12:00AM;Em uso;EFETIVADO;;;;;;
UNB;110124_4381 - COORD.DO CURSO DE LETRAS-LIP/CEAD_186773;ALICE MELO RIBEIRO;368637;MONITOR DE VÍDEO;Bem MIGRADO do SIPAT: Registro: 368637 - Origem: FUBDados da última movimentação no SIPAT:Ano: 2012 Número: 3076 Matrícula Remetente: 1042459 Matrícula Recebedor: 1015826 Local Remetente: 185501 Local Recebedor: 186773 Tipo de Movimentacão: 2 Data: Mar 29 2012  8:33AM Justificativa:Documentos de Ingresso: TIPO DE DOC. INGRESSO: 312922 NOTA FISCALEmpenho(s): EMPENHOS: Número: 808420 Data:Dez  2 2011 12:00AM;Em uso;ACAUTELADO;JANAINA DE AQUINO FERRAZ;;;;;
UNB;110124_4393 - SALA CTIC / CEAD;ALICE MELO RIBEIRO;370971;MONITOR DE VÍDEO;Bem MIGRADO do SIPAT: Registro: 370971 - Origem: FUBDados da última movimentação no SIPAT:Ano: 2019 Número: 6669 Matrícula Remetente: 713546 Matrícula Recebedor: 1094122 Local Remetente: 185501 Local Recebedor: 191739 Tipo de Movimentacão: 2 Data: Jun 26 2019  2:15PM Justificativa:Documentos de Ingresso: TIPO DE DOC. INGRESSO: 315553 NOTA FISCALEmpenho(s): EMPENHOS: Número: 806832 Data:Nov  9 2011 12:00AM;Em uso;ACAUTELADO;LUIS MARCOS MARTINS DO NASCIMENTO;;;;;
UNB;110124_4394 - SALA COORDENAÇÃO ACADÊMICA / CEAD;ALICE MELO RIBEIRO;477262;MONITOR DE VÍDEO;Bem MIGRADO do SIPAT: Registro: 477262 - Origem: FUBDados da última movimentação no SIPAT:Ano: 2020 Número: 3017 Matrícula Remetente:  Matrícula Recebedor: 1094122 Local Remetente:  Local Recebedor: 191739 Tipo de Movimentacão: 1 Data: Jun  5 2020  4:56PM Justificativa:Documentos de Ingresso: TIPO DE DOC. INGRESSO: 1.723.496 NOTA FISCALEmpenho(s): EMPENHOS: Número: 805935 Data:Dez 26 2019 12:00AM;Em uso;ACAUTELADO;NATTACHA LIDIANY FERNANDES DOS SANTOS;;;;;
UNB;110124_4393 - SALA CTIC / CEAD;ALICE MELO RIBEIRO;477317;MONITOR DE VÍDEO;Bem MIGRADO do SIPAT: Registro: 477317 - Origem: FUBDados da última movimentação no SIPAT:Ano: 2020 Número: 3014 Matrícula Remetente:  Matrícula Recebedor: 1094122 Local Remetente:  Local Recebedor: 191739 Tipo de Movimentacão: 1 Data: Jun  5 2020  4:51PM Justificativa:Documentos de Ingresso: TIPO DE DOC. INGRESSO: 1.723.497 NOTA FISCALEmpenho(s): EMPENHOS: Número: 805935 Data:Dez 26 2019 12:00AM;Em uso;EFETIVADO;;;;;;
UNB;110124_4393 - SALA CTIC / CEAD;ALICE MELO RIBEIRO;442042;MONITOR DE VÍDEO;Bem MIGRADO do SIPAT: Registro: 442042 - Origem: FUBDados da última movimentação no SIPAT:Ano: 2019 Número: 7177 Matrícula Remetente: 1036581 Matrícula Recebedor: 1043633 Local Remetente: 185143 Local Recebedor: 191748 Tipo de Movimentacão: 2 Data: Jun 28 2019 10:36AM Justificativa:Documentos de Ingresso: TIPO DE DOC. INGRESSO: 2981 NOTA FISCALEmpenho(s): EMPENHOS: Número: 804567 Data:Out 30 2015 12:00AM;Em uso;ACAUTELADO;LUIS MARCOS MARTINS DO NASCIMENTO;;;;;
UNB;110124_4373 - CENTRO DE EDUCAÇÃO À DISTÂNCIA/CEAD_133728;ALICE MELO RIBEIRO;235858;MONITOR DE VÍDEO;Bem MIGRADO do SIPAT: Registro: 235858 - Origem: FUBDados da última movimentação no SIPAT:Ano: 2005 Número: 6514 Matrícula Remetente:  Matrícula Recebedor: 613878 Local Remetente:  Local Recebedor: 133728 Tipo de Movimentacão: 1 Data:  Justificativa:Documentos de Ingresso: TIPO DE DOC. INGRESSO: 15989 NOTA FISCALEmpenho(s): EMPENHOS: Número: 903615 Data:Jun 21 2005 12:00AM;Em uso;ACAUTELADO;BERNARDO KIPNIS;;;;;
UNB;110124_4373 - CENTRO DE EDUCAÇÃO À DISTÂNCIA/CEAD_133728;ALICE MELO RIBEIRO;235861;MONITOR DE VÍDEO;Bem MIGRADO do SIPAT: Registro: 235861 - Origem: FUBDados da última movimentação no SIPAT:Ano: 2005 Número: 6514 Matrícula Remetente:  Matrícula Recebedor: 613878 Local Remetente:  Local Recebedor: 133728 Tipo de Movimentacão: 1 Data:  Justificativa:Documentos de Ingresso: TIPO DE DOC. INGRESSO: 15989 NOTA FISCALEmpenho(s): EMPENHOS: Número: 903615 Data:Jun 21 2005 12:00AM;Em uso;ACAUTELADO;BERNARDO KIPNIS;;;;;
UNB;110124_4373 - CENTRO DE EDUCAÇÃO À DISTÂNCIA/CEAD_133728;ALICE MELO RIBEIRO;235864;MONITOR DE VÍDEO;Bem MIGRADO do SIPAT: Registro: 235864 - Origem: FUBDados da última movimentação no SIPAT:Ano: 2005 Número: 6514 Matrícula Remetente:  Matrícula Recebedor: 613878 Local Remetente:  Local Recebedor: 133728 Tipo de Movimentacão: 1 Data:  Justificativa:Documentos de Ingresso: TIPO DE DOC. INGRESSO: 15989 NOTA FISCALEmpenho(s): EMPENHOS: Número: 903615 Data:Jun 21 2005 12:00AM;Em uso;ACAUTELADO;BERNARDO KIPNIS;;;;;
UNB;110124_4373 - CENTRO DE EDUCAÇÃO À DISTÂNCIA/CEAD_133728;ALICE MELO RIBEIRO;235913;MONITOR DE VÍDEO;Bem MIGRADO do SIPAT: Registro: 235913 - Origem: FUBDados da última movimentação no SIPAT:Ano: 2005 Número: 6514 Matrícula Remetente:  Matrícula Recebedor: 613878 Local Remetente:  Local Recebedor: 133728 Tipo de Movimentacão: 1 Data:  Justificativa:Documentos de Ingresso: TIPO DE DOC. INGRESSO: 15992 NOTA FISCALEmpenho(s): EMPENHOS: Número: 903615 Data:Jun 21 2005 12:00AM;Em uso;ACAUTELADO;BERNARDO KIPNIS;;;;;
UNB;110124_4373 - CENTRO DE EDUCAÇÃO À DISTÂNCIA/CEAD_133728;ALICE MELO RIBEIRO;258139;MONITOR DE VÍDEO;Bem MIGRADO do SIPAT: Registro: 258139 - Origem: FUBDados da última movimentação no SIPAT:Ano: 2006 Número: 11010 Matrícula Remetente:  Matrícula Recebedor: 613878 Local Remetente:  Local Recebedor: 133728 Tipo de Movimentacão: 1 Data: Ago 28 2007  5:12PM Justificativa:Documentos de Ingresso: TIPO DE DOC. INGRESSO: 5066 NOTA FISCALEmpenho(s): EMPENHOS: Número: 903355 Data:Out 18 2006 12:00AM;Em uso;ACAUTELADO;BERNARDO KIPNIS;;;;;
UNB;110124_4380 - COORD.DO CURSO DE MÚSICA-MUS/CEAD_186231;ALICE MELO RIBEIRO;414785;MONITOR DE VÍDEO;Bem MIGRADO do SIPAT: Registro: 414785 - Origem: FUBDados da última movimentação no SIPAT:Ano: 2014 Número: 6295 Matrícula Remetente: 1043391 Matrícula Recebedor: 1044800 Local Remetente: 185501 Local Recebedor: 186231 Tipo de Movimentacão: 2 Data: Set 17 2014 10:03AM Justificativa:Documentos de Ingresso: TIPO DE DOC. INGRESSO: 32645 NOTA FISCALEmpenho(s): EMPENHOS: Número: 806253 Data:Nov  7 2013 12:00AM;Em uso;EFETIVADO;;;;;;
UNB;110124_4382 - COORD. DO CURSO ADMINISTRAÇÃO PUBLICA/FACE/CEAD_187781;ALICE MELO RIBEIRO;414784;MONITOR DE VÍDEO;Bem MIGRADO do SIPAT: Registro: 414784 - Origem: FUBDados da última movimentação no SIPAT:Ano: 2014 Número: 6928 Matrícula Remetente: 1043391 Matrícula Recebedor: 1036157 Local Remetente: 185501 Local Recebedor: 187781 Tipo de Movimentacão: 2 Data: Ago  8 2014 10:34AM Justificativa:Documentos de Ingresso: TIPO DE DOC. INGRESSO: 32645 NOTA FISCALEmpenho(s): EMPENHOS: Número: 806253 Data:Nov  7 2013 12:00AM;Em uso;ACAUTELADO;LUIZ FERNANDO MACEDO BESSA;;;;;
UNB;110124_4398 - SALA ILHA DE EDIÇÃO / CEAD;ALICE MELO RIBEIRO;476181;MONITOR DE VÍDEO;Bem MIGRADO do SIPAT: Registro: 476181 - Origem: FUBDados da última movimentação no SIPAT:Ano: 2020 Número: 2980 Matrícula Remetente:  Matrícula Recebedor: 1094122 Local Remetente:  Local Recebedor: 191739 Tipo de Movimentacão: 1 Data: Jun  5 2020  4:50PM Justificativa: PROCESSO SEI 23106.154940/2019-53Documentos de Ingresso: TIPO DE DOC. INGRESSO: 1.725.322 NOTA FISCALEmpenho(s): EMPENHOS: Número: 805936 Data:Dez 26 2019 12:00AM;Em uso;EFETIVADO;;;;;;
UNB;110124_4392 - SALA DA COORD. PLANEJAMENTO E FINANANÇAS / CEAD;ALICE MELO RIBEIRO;407261;MONITOR DE VÍDEO;Bem MIGRADO do SIPAT: Registro: 407261 - Origem: FUBDados da última movimentação no SIPAT:Ano: 2019 Número: 13812 Matrícula Remetente: 1106775 Matrícula Recebedor: 1120450 Local Remetente: 191747 Local Recebedor: 191747 Tipo de Movimentacão: 3 Data: Set 26 2019  2:56PM Justificativa: Processo n. 23106.120919/2019-54Documentos de Ingresso: TIPO DE DOC. INGRESSO: 28585 NOTA FISCALEmpenho(s): EMPENHOS: Número: 805349 Data:Out 15 2013 12:00AM;Em uso;ACAUTELADO;BRENO MESQUITA DA SILVA;;;;;
UNB;110124_4392 - SALA DA COORD. PLANEJAMENTO E FINANANÇAS / CEAD;ALICE MELO RIBEIRO;370938;MONITOR DE VÍDEO;Bem MIGRADO do SIPAT: Registro: 370938 - Origem: FUBDados da última movimentação no SIPAT:Ano: 2019 Número: 7173 Matrícula Remetente: 713546 Matrícula Recebedor: 1046675 Local Remetente: 185501 Local Recebedor: 191748 Tipo de Movimentacão: 2 Data: Jun 26 2019  3:56PM Justificativa:Documentos de Ingresso: TIPO DE DOC. INGRESSO: 315553 NOTA FISCALEmpenho(s): EMPENHOS: Número: 806832 Data:Nov  9 2011 12:00AM;Em uso;ACAUTELADO;BRENO MESQUITA DA SILVA;;;;;
UNB;110124_4392 - SALA DA COORD. PLANEJAMENTO E FINANANÇAS / CEAD;ALICE MELO RIBEIRO;414788;MONITOR DE VÍDEO;Bem MIGRADO do SIPAT: Registro: 414788 - Origem: FUBDados da última movimentação no SIPAT:Ano: 2019 Número: 7178 Matrícula Remetente: 1043391 Matrícula Recebedor: 1043633 Local Remetente: 185501 Local Recebedor: 191748 Tipo de Movimentacão: 2 Data: Jun 28 2019 10:36AM Justificativa:Documentos de Ingresso: TIPO DE DOC. INGRESSO: 32645 NOTA FISCALEmpenho(s): EMPENHOS: Número: 806253 Data:Nov  7 2013 12:00AM;Em uso;ACAUTELADO;MAGDA TEIXEIRA MARTINS;;;;;
UNB;110124_4393 - SALA CTIC / CEAD;ALICE MELO RIBEIRO;407253;MONITOR DE VÍDEO;Bem MIGRADO do SIPAT: Registro: 407253 - Origem: FUBDados da última movimentação no SIPAT:Ano: 2019 Número: 6734 Matrícula Remetente: 866423 Matrícula Recebedor: 1041321 Local Remetente: 133728 Local Recebedor: 191751 Tipo de Movimentacão: 2 Data: Jun 27 2019  1:22PM Justificativa:Documentos de Ingresso: TIPO DE DOC. INGRESSO: 28585 NOTA FISCALEmpenho(s): EMPENHOS: Número: 805349 Data:Out 15 2013 12:00AM;Em uso;EFETIVADO;;;;;;
UNB;110124_4393 - SALA CTIC / CEAD;ALICE MELO RIBEIRO;407258;MONITOR DE VÍDEO;Bem MIGRADO do SIPAT: Registro: 407258 - Origem: FUBDados da última movimentação no SIPAT:Ano: 2019 Número: 9486 Matrícula Remetente: 1030906 Matrícula Recebedor: 1123220 Local Remetente: 133728 Local Recebedor: 191753 Tipo de Movimentacão: 2 Data: Jul 31 2019  3:58PM Justificativa:Documentos de Ingresso: TIPO DE DOC. INGRESSO: 28585 NOTA FISCALEmpenho(s): EMPENHOS: Número: 805349 Data:Out 15 2013 12:00AM;Em uso;ACAUTELADO;LUIS MARCOS MARTINS DO NASCIMENTO;;;;;
UNB;110124_4391 - SALA DA SECRETARIA / CEAD;ALICE MELO RIBEIRO;468611;MONITOR DE VÍDEO;Bem MIGRADO do SIPAT: Registro: 468611 - Origem: FUBDados da última movimentação no SIPAT:Ano: 2019 Número: 9480 Matrícula Remetente: 1094122 Matrícula Recebedor: 1123220 Local Remetente: 133728 Local Recebedor: 191753 Tipo de Movimentacão: 2 Data: Jul 30 2019  3:06PM Justificativa:Documentos de Ingresso: TIPO DE DOC. INGRESSO: 935.132 NOTA FISCALEmpenho(s): EMPENHOS: Número: 804822 Data:Out 26 2018 12:00AM;Em uso;EFETIVADO;;;;;;
UNB;110124_4375 - UNIVERSIDADE ABERTA DO BRASIL/CEAD_185501;ALICE MELO RIBEIRO;340955;MONITOR DE VÍDEO;Bem MIGRADO do SIPAT: Registro: 340955 - Origem: FUBDados da última movimentação no SIPAT:Ano: 2012 Número: 12815 Matrícula Remetente: 1042459 Matrícula Recebedor: 713546 Local Remetente: 185501 Local Recebedor: 185501 Tipo de Movimentacão: 2 Data: Dez 17 2012 10:39AM Justificativa:Documentos de Ingresso: TIPO DE DOC. INGRESSO: 46006 NOTA FISCALEmpenho(s): EMPENHOS: Número: 915737 Data:Dez 12 2009 12:00AM;Em uso;ACAUTELADO;RUI SEIMETZ;;;;;
UNB;110124_4385 - SALA DA ASSESSORIA DA UAB / CEAD;ALICE MELO RIBEIRO;370931;MONITOR DE VÍDEO;Bem MIGRADO do SIPAT: Registro: 370931 - Origem: FUBDados da última movimentação no SIPAT:Ano: 2019 Número: 6669 Matrícula Remetente: 713546 Matrícula Recebedor: 1094122 Local Remetente: 185501 Local Recebedor: 191739 Tipo de Movimentacão: 2 Data: Jun 26 2019  2:15PM Justificativa:Documentos de Ingresso: TIPO DE DOC. INGRESSO: 315553 NOTA FISCALEmpenho(s): EMPENHOS: Número: 806832 Data:Nov  9 2011 12:00AM;Em uso;EFETIVADO;;;;;;
UNB;110124_4394 - SALA COORDENAÇÃO ACADÊMICA / CEAD;ALICE MELO RIBEIRO;468618;MONITOR DE VÍDEO;Bem MIGRADO do SIPAT: Registro: 468618 - Origem: FUBDados da última movimentação no SIPAT:Ano: 2019 Número: 11096 Matrícula Remetente: 1094122 Matrícula Recebedor: 1094122 Local Remetente: 133728 Local Recebedor: 191739 Tipo de Movimentacão: 2 Data: Ago 20 2019  2:40PM Justificativa:Documentos de Ingresso: TIPO DE DOC. INGRESSO: 935.132 NOTA FISCALEmpenho(s): EMPENHOS: Número: 804822 Data:Out 26 2018 12:00AM;Em uso;EFETIVADO;;;;;;
UNB;110124_4394 - SALA COORDENAÇÃO ACADÊMICA / CEAD;ALICE MELO RIBEIRO;477312;MONITOR DE VÍDEO;Bem MIGRADO do SIPAT: Registro: 477312 - Origem: FUBDados da última movimentação no SIPAT:Ano: 2020 Número: 3014 Matrícula Remetente:  Matrícula Recebedor: 1094122 Local Remetente:  Local Recebedor: 191739 Tipo de Movimentacão: 1 Data: Jun  5 2020  4:51PM Justificativa:Documentos de Ingresso: TIPO DE DOC. INGRESSO: 1.723.497 NOTA FISCALEmpenho(s): EMPENHOS: Número: 805935 Data:Dez 26 2019 12:00AM;Em uso;EFETIVADO;;;;;;
UNB;110124_4391 - SALA DA SECRETARIA / CEAD;ALICE MELO RIBEIRO;477315;MONITOR DE VÍDEO;Bem MIGRADO do SIPAT: Registro: 477315 - Origem: FUBDados da última movimentação no SIPAT:Ano: 2020 Número: 3014 Matrícula Remetente:  Matrícula Recebedor: 1094122 Local Remetente:  Local Recebedor: 191739 Tipo de Movimentacão: 1 Data: Jun  5 2020  4:51PM Justificativa:Documentos de Ingresso: TIPO DE DOC. INGRESSO: 1.723.497 NOTA FISCALEmpenho(s): EMPENHOS: Número: 805935 Data:Dez 26 2019 12:00AM;Em uso;ACAUTELADO;MARIA HELENA BAHIA BEZERRA;;;;;
UNB;110124_4387 - RECEPÇÃO / CEAD;ALICE MELO RIBEIRO;442040;MONITOR DE VÍDEO;Bem MIGRADO do SIPAT: Registro: 442040 - Origem: FUBDados da última movimentação no SIPAT:Ano: 2019 Número: 6672 Matrícula Remetente: 1036581 Matrícula Recebedor: 1094122 Local Remetente: 185143 Local Recebedor: 191742 Tipo de Movimentacão: 2 Data: Jun 27 2019  1:39PM Justificativa:Documentos de Ingresso: TIPO DE DOC. INGRESSO: 2981 NOTA FISCALEmpenho(s): EMPENHOS: Número: 804567 Data:Out 30 2015 12:00AM;Em uso;EFETIVADO;;;;;;
UNB;110124_4392 - SALA DA COORD. PLANEJAMENTO E FINANANÇAS / CEAD;ALICE MELO RIBEIRO;407255;MONITOR DE VÍDEO;Bem MIGRADO do SIPAT: Registro: 407255 - Origem: FUBDados da última movimentação no SIPAT:Ano: 2019 Número: 6622 Matrícula Remetente: 866423 Matrícula Recebedor: 1121570 Local Remetente: 133728 Local Recebedor: 191746 Tipo de Movimentacão: 2 Data: Jun 27 2019  1:19PM Justificativa:Documentos de Ingresso: TIPO DE DOC. INGRESSO: 28585 NOTA FISCALEmpenho(s): EMPENHOS: Número: 805349 Data:Out 15 2013 12:00AM;Em uso;ACAUTELADO;BRENO MESQUITA DA SILVA;;;;;
UNB;110124_4391 - SALA DA SECRETARIA / CEAD;ALICE MELO RIBEIRO;407262;MONITOR DE VÍDEO;Bem MIGRADO do SIPAT: Registro: 407262 - Origem: FUBDados da última movimentação no SIPAT:Ano: 2019 Número: 6635 Matrícula Remetente: 1107500 Matrícula Recebedor: 866423 Local Remetente: 133728 Local Recebedor: 191746 Tipo de Movimentacão: 2 Data: Jun 27 2019  1:19PM Justificativa:Documentos de Ingresso: TIPO DE DOC. INGRESSO: 28585 NOTA FISCALEmpenho(s): EMPENHOS: Número: 805349 Data:Out 15 2013 12:00AM;Em uso;ACAUTELADO;MARIA HELENA BAHIA BEZERRA;;;;;
UNB;110124_4394 - SALA COORDENAÇÃO ACADÊMICA / CEAD;ALICE MELO RIBEIRO;407246;MONITOR DE VÍDEO;Bem MIGRADO do SIPAT: Registro: 407246 - Origem: FUBDados da última movimentação no SIPAT:Ano: 2020 Número: 4584 Matrícula Remetente: 1098462 Matrícula Recebedor: 1041321 Local Remetente: 191751 Local Recebedor: 191751 Tipo de Movimentacão: 3 Data: Nov 13 2020 11:24AM Justificativa:Documentos de Ingresso: TIPO DE DOC. INGRESSO: 28585 NOTA FISCALEmpenho(s): EMPENHOS: Número: 805349 Data:Out 15 2013 12:00AM;Em uso;ACAUTELADO;LETICIA DA CRUZ SOUZA FLORES;;;;;
UNB;110124_4394 - SALA COORDENAÇÃO ACADÊMICA / CEAD;ALICE MELO RIBEIRO;414804;MONITOR DE VÍDEO;Bem MIGRADO do SIPAT: Registro: 414804 - Origem: FUBDados da última movimentação no SIPAT:Ano: 2019 Número: 6744 Matrícula Remetente: 1043391 Matrícula Recebedor: 1041321 Local Remetente: 185501 Local Recebedor: 191751 Tipo de Movimentacão: 2 Data: Jun 21 2019 12:13PM Justificativa:Documentos de Ingresso: TIPO DE DOC. INGRESSO: 32645 NOTA FISCALEmpenho(s): EMPENHOS: Número: 806253 Data:Nov  7 2013 12:00AM;Em uso;EFETIVADO;;;;;;
UNB;110124_4393 - SALA CTIC / CEAD;ALICE MELO RIBEIRO;342460;MONITOR DE VÍDEO;Bem MIGRADO do SIPAT: Registro: 342460 - Origem: FUBDados da última movimentação no SIPAT:Ano: 2019 Número: 9785 Matrícula Remetente:  Matrícula Recebedor: 1123220 Local Remetente:  Local Recebedor: 191753 Tipo de Movimentacão: 1 Data: Jul 31 2019  3:22PM Justificativa: Processo n. 23106.088350/2019-25Documentos de Ingresso: TIPO DE DOC. INGRESSO: 041547 NOTA FISCALEmpenho(s): EMPENHOS: Número: 915503 Data:Dez 11 2009 12:00AM;Em uso;ACAUTELADO;LUIS MARCOS MARTINS DO NASCIMENTO;;;;;
UNB;110124_4391 - SALA DA SECRETARIA / CEAD;ALICE MELO RIBEIRO;407248;MONITOR DE VÍDEO;Bem MIGRADO do SIPAT: Registro: 407248 - Origem: FUBDados da última movimentação no SIPAT:Ano: 2019 Número: 9491 Matrícula Remetente: 1107500 Matrícula Recebedor: 1123220 Local Remetente: 133728 Local Recebedor: 191753 Tipo de Movimentacão: 2 Data: Jul 30 2019  3:03PM Justificativa:Documentos de Ingresso: TIPO DE DOC. INGRESSO: 28585 NOTA FISCALEmpenho(s): EMPENHOS: Número: 805349 Data:Out 15 2013 12:00AM;Em uso;EFETIVADO;;;;;;
UNB;110124_4372 - SALA DO RACK / CEAD;ALICE MELO RIBEIRO;414789;MONITOR DE VÍDEO;Bem MIGRADO do SIPAT: Registro: 414789 - Origem: FUBDados da última movimentação no SIPAT:Ano: 2019 Número: 9489 Matrícula Remetente: 1043391 Matrícula Recebedor: 1123220 Local Remetente: 185501 Local Recebedor: 191753 Tipo de Movimentacão: 2 Data: Jul 31 2019  3:58PM Justificativa:Documentos de Ingresso: TIPO DE DOC. INGRESSO: 32645 NOTA FISCALEmpenho(s): EMPENHOS: Número: 806253 Data:Nov  7 2013 12:00AM;Em uso;EFETIVADO;;;;;;
UNB;110124_4394 - SALA COORDENAÇÃO ACADÊMICA / CEAD;ALICE MELO RIBEIRO;407264;MONITOR DE VÍDEO;Bem MIGRADO do SIPAT: Registro: 407264 - Origem: FUBDados da última movimentação no SIPAT:Ano: 2019 Número: 9419 Matrícula Remetente: 1036581 Matrícula Recebedor: 1116100 Local Remetente: 185143 Local Recebedor: 191754 Tipo de Movimentacão: 2 Data: Ago  8 2019 11:57AM Justificativa:Documentos de Ingresso: TIPO DE DOC. INGRESSO: 28585 NOTA FISCALEmpenho(s): EMPENHOS: Número: 805349 Data:Out 15 2013 12:00AM;Em uso;EFETIVADO;;;;;;
UNB;110124_4373 - CENTRO DE EDUCAÇÃO À DISTÂNCIA/CEAD_133728;ALICE MELO RIBEIRO;227770;MONITOR DE VÍDEO;Bem MIGRADO do SIPAT: Registro: 227770 - Origem: FUBDados da última movimentação no SIPAT:Ano: 2004 Número: 3646 Matrícula Remetente:  Matrícula Recebedor: 613878 Local Remetente:  Local Recebedor: 133728 Tipo de Movimentacão: 1 Data:  Justificativa:Documentos de Ingresso: TIPO DE DOC. INGRESSO: 1218 NOTA FISCALEmpenho(s): EMPENHOS: Número: 902072 Data:Abr 20 2004 12:00AM;Em uso;ACAUTELADO;BERNARDO KIPNIS;;;;;
UNB;110124_4373 - CENTRO DE EDUCAÇÃO À DISTÂNCIA/CEAD_133728;ALICE MELO RIBEIRO;235859;MONITOR DE VÍDEO;Bem MIGRADO do SIPAT: Registro: 235859 - Origem: FUBDados da última movimentação no SIPAT:Ano: 2005 Número: 6514 Matrícula Remetente:  Matrícula Recebedor: 613878 Local Remetente:  Local Recebedor: 133728 Tipo de Movimentacão: 1 Data:  Justificativa:Documentos de Ingresso: TIPO DE DOC. INGRESSO: 15989 NOTA FISCALEmpenho(s): EMPENHOS: Número: 903615 Data:Jun 21 2005 12:00AM;Em uso;ACAUTELADO;BERNARDO KIPNIS;;;;;
UNB;110124_4373 - CENTRO DE EDUCAÇÃO À DISTÂNCIA/CEAD_133728;ALICE MELO RIBEIRO;235862;MONITOR DE VÍDEO;Bem MIGRADO do SIPAT: Registro: 235862 - Origem: FUBDados da última movimentação no SIPAT:Ano: 2005 Número: 6514 Matrícula Remetente:  Matrícula Recebedor: 613878 Local Remetente:  Local Recebedor: 133728 Tipo de Movimentacão: 1 Data:  Justificativa:Documentos de Ingresso: TIPO DE DOC. INGRESSO: 15989 NOTA FISCALEmpenho(s): EMPENHOS: Número: 903615 Data:Jun 21 2005 12:00AM;Em uso;ACAUTELADO;BERNARDO KIPNIS;;;;;
UNB;110124_4373 - CENTRO DE EDUCAÇÃO À DISTÂNCIA/CEAD_133728;ALICE MELO RIBEIRO;235865;MONITOR DE VÍDEO;Bem MIGRADO do SIPAT: Registro: 235865 - Origem: FUBDados da última movimentação no SIPAT:Ano: 2005 Número: 6514 Matrícula Remetente:  Matrícula Recebedor: 613878 Local Remetente:  Local Recebedor: 133728 Tipo de Movimentacão: 1 Data:  Justificativa:Documentos de Ingresso: TIPO DE DOC. INGRESSO: 15989 NOTA FISCALEmpenho(s): EMPENHOS: Número: 903615 Data:Jun 21 2005 12:00AM;Em uso;ACAUTELADO;BERNARDO KIPNIS;;;;;
UNB;110124_4373 - CENTRO DE EDUCAÇÃO À DISTÂNCIA/CEAD_133728;ALICE MELO RIBEIRO;235868;MONITOR DE VÍDEO;Bem MIGRADO do SIPAT: Registro: 235868 - Origem: FUBDados da última movimentação no SIPAT:Ano: 2005 Número: 6514 Matrícula Remetente:  Matrícula Recebedor: 613878 Local Remetente:  Local Recebedor: 133728 Tipo de Movimentacão: 1 Data:  Justificativa:Documentos de Ingresso: TIPO DE DOC. INGRESSO: 15989 NOTA FISCALEmpenho(s): EMPENHOS: Número: 903615 Data:Jun 21 2005 12:00AM;Em uso;ACAUTELADO;BERNARDO KIPNIS;;;;;
UNB;110124_4380 - COORD.DO CURSO DE MÚSICA-MUS/CEAD_186231;ALICE MELO RIBEIRO;368649;MONITOR DE VÍDEO;Bem MIGRADO do SIPAT: Registro: 368649 - Origem: FUBDados da última movimentação no SIPAT:Ano: 2012 Número: 2651 Matrícula Remetente: 1042459 Matrícula Recebedor: 1044800 Local Remetente: 185501 Local Recebedor: 186231 Tipo de Movimentacão: 2 Data: Abr 12 2012 10:36AM Justificativa:Documentos de Ingresso: TIPO DE DOC. INGRESSO: 312922 NOTA FISCALEmpenho(s): EMPENHOS: Número: 808420 Data:Dez  2 2011 12:00AM;Em uso;EFETIVADO;;;;;;
UNB;110124_4393 - SALA CTIC / CEAD;ALICE MELO RIBEIRO;476180;MONITOR DE VÍDEO;Bem MIGRADO do SIPAT: Registro: 476180 - Origem: FUBDados da última movimentação no SIPAT:Ano: 2020 Número: 2980 Matrícula Remetente:  Matrícula Recebedor: 1094122 Local Remetente:  Local Recebedor: 191739 Tipo de Movimentacão: 1 Data: Jun  5 2020  4:50PM Justificativa: PROCESSO SEI 23106.154940/2019-53Documentos de Ingresso: TIPO DE DOC. INGRESSO: 1.725.322 NOTA FISCALEmpenho(s): EMPENHOS: Número: 805936 Data:Dez 26 2019 12:00AM;Em uso;ACAUTELADO;LUIS MARCOS MARTINS DO NASCIMENTO;;;;;
UNB;110124_4394 - SALA COORDENAÇÃO ACADÊMICA / CEAD;ALICE MELO RIBEIRO;477318;MONITOR DE VÍDEO;Bem MIGRADO do SIPAT: Registro: 477318 - Origem: FUBDados da última movimentação no SIPAT:Ano: 2020 Número: 3014 Matrícula Remetente:  Matrícula Recebedor: 1094122 Local Remetente:  Local Recebedor: 191739 Tipo de Movimentacão: 1 Data: Jun  5 2020  4:51PM Justificativa:Documentos de Ingresso: TIPO DE DOC. INGRESSO: 1.723.497 NOTA FISCALEmpenho(s): EMPENHOS: Número: 805935 Data:Dez 26 2019 12:00AM;Em uso;EFETIVADO;;;;;;
UNB;110124_4391 - SALA DA SECRETARIA / CEAD;ALICE MELO RIBEIRO;369804;MONITOR DE VÍDEO;Bem MIGRADO do SIPAT: Registro: 369804 - Origem: FUBDados da última movimentação no SIPAT:Ano: 2019 Número: 7177 Matrícula Remetente: 1036581 Matrícula Recebedor: 1043633 Local Remetente: 185143 Local Recebedor: 191748 Tipo de Movimentacão: 2 Data: Jun 28 2019 10:36AM Justificativa:Documentos de Ingresso: TIPO DE DOC. INGRESSO: 3664 NOTA FISCALEmpenho(s): EMPENHOS: Número: 808633 Data:Dez  3 2011 12:00AM;Em uso;EFETIVADO;;;;;;
UNB;110124_4393 - SALA CTIC / CEAD;ALICE MELO RIBEIRO;353349;MONITOR DE VÍDEO;Bem MIGRADO do SIPAT: Registro: 353349 - Origem: FUBDados da última movimentação no SIPAT:Ano: 2019 Número: 10277 Matrícula Remetente: 1041321 Matrícula Recebedor: 1071017 Local Remetente: 191751 Local Recebedor: 191751 Tipo de Movimentacão: 2 Data: Ago  6 2019 11:57AM Justificativa:Documentos de Ingresso: TIPO DE DOC. INGRESSO: 1465 NOTA FISCALEmpenho(s): EMPENHOS: Número: 908661 Data:Dez 10 2010 12:00AM;Em uso;ACAUTELADO;LUIS MARCOS MARTINS DO NASCIMENTO;;;;;
UNB;110124_4393 - SALA CTIC / CEAD;ALICE MELO RIBEIRO;407252;MONITOR DE VÍDEO;Bem MIGRADO do SIPAT: Registro: 407252 - Origem: FUBDados da última movimentação no SIPAT:Ano: 2019 Número: 6765 Matrícula Remetente: 1047931 Matrícula Recebedor: 1121588 Local Remetente: 133728 Local Recebedor: 191751 Tipo de Movimentacão: 2 Data: Jun 28 2019  1:16PM Justificativa:Documentos de Ingresso: TIPO DE DOC. INGRESSO: 28585 NOTA FISCALEmpenho(s): EMPENHOS: Número: 805349 Data:Out 15 2013 12:00AM;Em uso;ACAUTELADO;LUIS MARCOS MARTINS DO NASCIMENTO;;;;;
UNB;110124_4396 - SALA ESTÚDIO DE GRAVAÇÃO / CEAD;ALICE MELO RIBEIRO;468612;MONITOR DE VÍDEO;Bem MIGRADO do SIPAT: Registro: 468612 - Origem: FUBDados da última movimentação no SIPAT:Ano: 2019 Número: 9480 Matrícula Remetente: 1094122 Matrícula Recebedor: 1123220 Local Remetente: 133728 Local Recebedor: 191753 Tipo de Movimentacão: 2 Data: Jul 30 2019  3:06PM Justificativa:Documentos de Ingresso: TIPO DE DOC. INGRESSO: 935.132 NOTA FISCALEmpenho(s): EMPENHOS: Número: 804822 Data:Out 26 2018 12:00AM;Em uso;EFETIVADO;;;;;;
UNB;110124_4394 - SALA COORDENAÇÃO ACADÊMICA / CEAD;ALICE MELO RIBEIRO;351928;MONITOR DE VÍDEO;Bem MIGRADO do SIPAT: Registro: 351928 - Origem: FUBDados da última movimentação no SIPAT:Ano: 2019 Número: 9425 Matrícula Remetente: 713546 Matrícula Recebedor: 1116100 Local Remetente: 185501 Local Recebedor: 191754 Tipo de Movimentacão: 2 Data: Jul 30 2019  3:58PM Justificativa:Documentos de Ingresso: TIPO DE DOC. INGRESSO: 119 NOTA FISCALEmpenho(s): EMPENHOS: Número: 908272 Data:Dez  6 2010 12:00AM;Em uso;EFETIVADO;;;;;;
UNB;110124_4394 - SALA COORDENAÇÃO ACADÊMICA / CEAD;ALICE MELO RIBEIRO;468610;MONITOR DE VÍDEO;Bem MIGRADO do SIPAT: Registro: 468610 - Origem: FUBDados da última movimentação no SIPAT:Ano: 2019 Número: 9430 Matrícula Remetente: 1094122 Matrícula Recebedor: 1116100 Local Remetente: 133728 Local Recebedor: 191754 Tipo de Movimentacão: 2 Data: Jul 30 2019  3:07PM Justificativa:Documentos de Ingresso: TIPO DE DOC. INGRESSO: 935.132 NOTA FISCALEmpenho(s): EMPENHOS: Número: 804822 Data:Out 26 2018 12:00AM;Em uso;EFETIVADO;;;;;;
UNB;110124_4373 - CENTRO DE EDUCAÇÃO À DISTÂNCIA/CEAD_133728;ALICE MELO RIBEIRO;235863;MONITOR DE VÍDEO;Bem MIGRADO do SIPAT: Registro: 235863 - Origem: FUBDados da última movimentação no SIPAT:Ano: 2005 Número: 6514 Matrícula Remetente:  Matrícula Recebedor: 613878 Local Remetente:  Local Recebedor: 133728 Tipo de Movimentacão: 1 Data:  Justificativa:Documentos de Ingresso: TIPO DE DOC. INGRESSO: 15989 NOTA FISCALEmpenho(s): EMPENHOS: Número: 903615 Data:Jun 21 2005 12:00AM;Em uso;ACAUTELADO;BERNARDO KIPNIS;;;;;
UNB;110124_4373 - CENTRO DE EDUCAÇÃO À DISTÂNCIA/CEAD_133728;ALICE MELO RIBEIRO;235866;MONITOR DE VÍDEO;Bem MIGRADO do SIPAT: Registro: 235866 - Origem: FUBDados da última movimentação no SIPAT:Ano: 2005 Número: 6514 Matrícula Remetente:  Matrícula Recebedor: 613878 Local Remetente:  Local Recebedor: 133728 Tipo de Movimentacão: 1 Data:  Justificativa:Documentos de Ingresso: TIPO DE DOC. INGRESSO: 15989 NOTA FISCALEmpenho(s): EMPENHOS: Número: 903615 Data:Jun 21 2005 12:00AM;Em uso;ACAUTELADO;BERNARDO KIPNIS;;;;;
UNB;110124_4373 - CENTRO DE EDUCAÇÃO À DISTÂNCIA/CEAD_133728;ALICE MELO RIBEIRO;235869;MONITOR DE VÍDEO;Bem MIGRADO do SIPAT: Registro: 235869 - Origem: FUBDados da última movimentação no SIPAT:Ano: 2005 Número: 6514 Matrícula Remetente:  Matrícula Recebedor: 613878 Local Remetente:  Local Recebedor: 133728 Tipo de Movimentacão: 1 Data:  Justificativa:Documentos de Ingresso: TIPO DE DOC. INGRESSO: 15989 NOTA FISCALEmpenho(s): EMPENHOS: Número: 903615 Data:Jun 21 2005 12:00AM;Em uso;ACAUTELADO;BERNARDO KIPNIS;;;;;
UNB;110124_4380 - COORD.DO CURSO DE MÚSICA-MUS/CEAD_186231;ALICE MELO RIBEIRO;414780;MONITOR DE VÍDEO;Bem MIGRADO do SIPAT: Registro: 414780 - Origem: FUBDados da última movimentação no SIPAT:Ano: 2014 Número: 6295 Matrícula Remetente: 1043391 Matrícula Recebedor: 1044800 Local Remetente: 185501 Local Recebedor: 186231 Tipo de Movimentacão: 2 Data: Set 17 2014 10:03AM Justificativa:Documentos de Ingresso: TIPO DE DOC. INGRESSO: 32645 NOTA FISCALEmpenho(s): EMPENHOS: Número: 806253 Data:Nov  7 2013 12:00AM;Em uso;EFETIVADO;;;;;;
UNB;110124_4387 - RECEPÇÃO / CEAD;ALICE MELO RIBEIRO;407251;MONITOR DE VÍDEO;Bem MIGRADO do SIPAT: Registro: 407251 - Origem: FUBDados da última movimentação no SIPAT:Ano: 2019 Número: 6672 Matrícula Remetente: 1036581 Matrícula Recebedor: 1094122 Local Remetente: 185143 Local Recebedor: 191742 Tipo de Movimentacão: 2 Data: Jun 27 2019  1:39PM Justificativa:Documentos de Ingresso: TIPO DE DOC. INGRESSO: 28585 NOTA FISCALEmpenho(s): EMPENHOS: Número: 805349 Data:Out 15 2013 12:00AM;Em uso;EFETIVADO;;;;;;
UNB;110124_4394 - SALA COORDENAÇÃO ACADÊMICA / CEAD;ALICE MELO RIBEIRO;407257;MONITOR DE VÍDEO;Bem MIGRADO do SIPAT: Registro: 407257 - Origem: FUBDados da última movimentação no SIPAT:Ano: 2019 Número: 7289 Matrícula Remetente: 1036581 Matrícula Recebedor: 1121570 Local Remetente: 185143 Local Recebedor: 191746 Tipo de Movimentacão: 2 Data: Jun 27 2019  1:38PM Justificativa:Documentos de Ingresso: TIPO DE DOC. INGRESSO: 28585 NOTA FISCALEmpenho(s): EMPENHOS: Número: 805349 Data:Out 15 2013 12:00AM;Em uso;ACAUTELADO;LETICIA DA CRUZ SOUZA FLORES;;;;;
UNB;110124_4394 - SALA COORDENAÇÃO ACADÊMICA / CEAD;ALICE MELO RIBEIRO;414810;MONITOR DE VÍDEO;Bem MIGRADO do SIPAT: Registro: 414810 - Origem: FUBDados da última movimentação no SIPAT:Ano: 2019 Número: 6614 Matrícula Remetente: 1043391 Matrícula Recebedor: 1046926 Local Remetente: 185501 Local Recebedor: 191746 Tipo de Movimentacão: 2 Data: Jun 21 2019 12:11PM Justificativa:Documentos de Ingresso: TIPO DE DOC. INGRESSO: 32645 NOTA FISCALEmpenho(s): EMPENHOS: Número: 806253 Data:Nov  7 2013 12:00AM;Em uso;EFETIVADO;;;;;;
UNB;110124_4393 - SALA CTIC / CEAD;ALICE MELO RIBEIRO;370954;MONITOR DE VÍDEO;Bem MIGRADO do SIPAT: Registro: 370954 - Origem: FUBDados da última movimentação no SIPAT:Ano: 2019 Número: 7176 Matrícula Remetente: 713546 Matrícula Recebedor: 1043633 Local Remetente: 185501 Local Recebedor: 191748 Tipo de Movimentacão: 2 Data: Jun 28 2019 10:36AM Justificativa:Documentos de Ingresso: TIPO DE DOC. INGRESSO: 315553 NOTA FISCALEmpenho(s): EMPENHOS: Número: 806832 Data:Nov  9 2011 12:00AM;Em uso;ACAUTELADO;LUIS MARCOS MARTINS DO NASCIMENTO;;;;;
UNB;110124_4393 - SALA CTIC / CEAD;ALICE MELO RIBEIRO;407260;MONITOR DE VÍDEO;Bem MIGRADO do SIPAT: Registro: 407260 - Origem: FUBDados da última movimentação no SIPAT:Ano: 2019 Número: 8037 Matrícula Remetente: 1030906 Matrícula Recebedor: 1046675 Local Remetente: 133728 Local Recebedor: 191748 Tipo de Movimentacão: 2 Data: Jul  9 2019  3:52PM Justificativa:Documentos de Ingresso: TIPO DE DOC. INGRESSO: 28585 NOTA FISCALEmpenho(s): EMPENHOS: Número: 805349 Data:Out 15 2013 12:00AM;Em uso;ACAUTELADO;LUIS MARCOS MARTINS DO NASCIMENTO;;;;;
UNB;110124_4394 - SALA COORDENAÇÃO ACADÊMICA / CEAD;ALICE MELO RIBEIRO;368641;MONITOR DE VÍDEO;Bem MIGRADO do SIPAT: Registro: 368641 - Origem: FUBDados da última movimentação no SIPAT:Ano: 2019 Número: 9474 Matrícula Remetente: 713546 Matrícula Recebedor: 1123220 Local Remetente: 185501 Local Recebedor: 191753 Tipo de Movimentacão: 2 Data: Jul 30 2019  3:59PM Justificativa:Documentos de Ingresso: TIPO DE DOC. INGRESSO: 312922 NOTA FISCALEmpenho(s): EMPENHOS: Número: 808420 Data:Dez  2 2011 12:00AM;Em uso;EFETIVADO;;;;;;
UNB;110124_4394 - SALA COORDENAÇÃO ACADÊMICA / CEAD;ALICE MELO RIBEIRO;407256;MONITOR DE VÍDEO;Bem MIGRADO do SIPAT: Registro: 407256 - Origem: FUBDados da última movimentação no SIPAT:Ano: 2019 Número: 12391 Matrícula Remetente: 1043633 Matrícula Recebedor: 1123220 Local Remetente: 191748 Local Recebedor: 191753 Tipo de Movimentacão: 2 Data: Set  5 2019 11:46AM Justificativa:Documentos de Ingresso: TIPO DE DOC. INGRESSO: 28585 NOTA FISCALEmpenho(s): EMPENHOS: Número: 805349 Data:Out 15 2013 12:00AM;Em uso;EFETIVADO;;;;;;
UNB;110124_4392 - SALA DA COORD. PLANEJAMENTO E FINANANÇAS / CEAD;ALICE MELO RIBEIRO;407259;MONITOR DE VÍDEO;Bem MIGRADO do SIPAT: Registro: 407259 - Origem: FUBDados da última movimentação no SIPAT:Ano: 2019 Número: 9490 Matrícula Remetente: 1036581 Matrícula Recebedor: 1123220 Local Remetente: 185143 Local Recebedor: 191753 Tipo de Movimentacão: 2 Data: Jul 31 2019 11:13AM Justificativa:Documentos de Ingresso: TIPO DE DOC. INGRESSO: 28585 NOTA FISCALEmpenho(s): EMPENHOS: Número: 805349 Data:Out 15 2013 12:00AM;Em uso;ACAUTELADO;BRENO MESQUITA DA SILVA;;;;;
UNB;110124_4398 - SALA ILHA DE EDIÇÃO / CEAD;ALICE MELO RIBEIRO;468613;MONITOR DE VÍDEO;Bem MIGRADO do SIPAT: Registro: 468613 - Origem: FUBDados da última movimentação no SIPAT:Ano: 2019 Número: 9480 Matrícula Remetente: 1094122 Matrícula Recebedor: 1123220 Local Remetente: 133728 Local Recebedor: 191753 Tipo de Movimentacão: 2 Data: Jul 30 2019  3:06PM Justificativa:Documentos de Ingresso: TIPO DE DOC. INGRESSO: 935.132 NOTA FISCALEmpenho(s): EMPENHOS: Número: 804822 Data:Out 26 2018 12:00AM;Em uso;EFETIVADO;;;;;;
UNB;110124_4394 - SALA COORDENAÇÃO ACADÊMICA / CEAD;ALICE MELO RIBEIRO;468609;MONITOR DE VÍDEO;Bem MIGRADO do SIPAT: Registro: 468609 - Origem: FUBDados da última movimentação no SIPAT:Ano: 2019 Número: 9430 Matrícula Remetente: 1094122 Matrícula Recebedor: 1116100 Local Remetente: 133728 Local Recebedor: 191754 Tipo de Movimentacão: 2 Data: Jul 30 2019  3:07PM Justificativa:Documentos de Ingresso: TIPO DE DOC. INGRESSO: 935.132 NOTA FISCALEmpenho(s): EMPENHOS: Número: 804822 Data:Out 26 2018 12:00AM;Em uso;EFETIVADO;;;;;;
UNB;110124_4373 - CENTRO DE EDUCAÇÃO À DISTÂNCIA/CEAD_133728;ALICE MELO RIBEIRO;235857;MONITOR DE VÍDEO;Bem MIGRADO do SIPAT: Registro: 235857 - Origem: FUBDados da última movimentação no SIPAT:Ano: 2005 Número: 6514 Matrícula Remetente:  Matrícula Recebedor: 613878 Local Remetente:  Local Recebedor: 133728 Tipo de Movimentacão: 1 Data:  Justificativa:Documentos de Ingresso: TIPO DE DOC. INGRESSO: 15989 NOTA FISCALEmpenho(s): EMPENHOS: Número: 903615 Data:Jun 21 2005 12:00AM;Em uso;ACAUTELADO;BERNARDO KIPNIS;;;;;
UNB;110124_4373 - CENTRO DE EDUCAÇÃO À DISTÂNCIA/CEAD_133728;ALICE MELO RIBEIRO;235860;MONITOR DE VÍDEO;Bem MIGRADO do SIPAT: Registro: 235860 - Origem: FUBDados da última movimentação no SIPAT:Ano: 2005 Número: 6514 Matrícula Remetente:  Matrícula Recebedor: 613878 Local Remetente:  Local Recebedor: 133728 Tipo de Movimentacão: 1 Data:  Justificativa:Documentos de Ingresso: TIPO DE DOC. INGRESSO: 15989 NOTA FISCALEmpenho(s): EMPENHOS: Número: 903615 Data:Jun 21 2005 12:00AM;Em uso;ACAUTELADO;BERNARDO KIPNIS;;;;;
UNB;110124_4381 - COORD.DO CURSO DE LETRAS-LIP/CEAD_186773;ALICE MELO RIBEIRO;342466;MONITOR DE VÍDEO;Bem MIGRADO do SIPAT: Registro: 342466 - Origem: FUBDados da última movimentação no SIPAT:Ano: 2012 Número: 1250 Matrícula Remetente: 150401 Matrícula Recebedor: 1015826 Local Remetente: 185740 Local Recebedor: 186773 Tipo de Movimentacão: 3 Data: Mar  2 2012  9:47AM Justificativa:Documentos de Ingresso: TIPO DE DOC. INGRESSO: 041547 NOTA FISCALEmpenho(s): EMPENHOS: Número: 915503 Data:Dez 11 2009 12:00AM;Em uso;ACAUTELADO;JANAINA DE AQUINO FERRAZ;;;;;
UNB;110124_4381 - COORD.DO CURSO DE LETRAS-LIP/CEAD_186773;ALICE MELO RIBEIRO;414772;MONITOR DE VÍDEO;Bem MIGRADO do SIPAT: Registro: 414772 - Origem: FUBDados da última movimentação no SIPAT:Ano: 2014 Número: 7633 Matrícula Remetente: 1043391 Matrícula Recebedor: 1064304 Local Remetente: 185501 Local Recebedor: 186773 Tipo de Movimentacão: 2 Data: Jan 30 2015 11:21AM Justificativa:Documentos de Ingresso: TIPO DE DOC. INGRESSO: 32645 NOTA FISCALEmpenho(s): EMPENHOS: Número: 806253 Data:Nov  7 2013 12:00AM;Em uso;ACAUTELADO;FRANCISCA CORDELIA OLIVEIRA DA SILVA;;;;;
UNB;110124_4382 - COORD. DO CURSO ADMINISTRAÇÃO PUBLICA/FACE/CEAD_187781;ALICE MELO RIBEIRO;414809;MONITOR DE VÍDEO;Bem MIGRADO do SIPAT: Registro: 414809 - Origem: FUBDados da última movimentação no SIPAT:Ano: 2014 Número: 6928 Matrícula Remetente: 1043391 Matrícula Recebedor: 1036157 Local Remetente: 185501 Local Recebedor: 187781 Tipo de Movimentacão: 2 Data: Ago  8 2014 10:34AM Justificativa:Documentos de Ingresso: TIPO DE DOC. INGRESSO: 32645 NOTA FISCALEmpenho(s): EMPENHOS: Número: 806253 Data:Nov  7 2013 12:00AM;Em uso;ACAUTELADO;LUIZ FERNANDO MACEDO BESSA;;;;;
UNB;110124_4392 - SALA DA COORD. PLANEJAMENTO E FINANANÇAS / CEAD;ALICE MELO RIBEIRO;476175;MONITOR DE VÍDEO;Bem MIGRADO do SIPAT: Registro: 476175 - Origem: FUBDados da última movimentação no SIPAT:Ano: 2020 Número: 2980 Matrícula Remetente:  Matrícula Recebedor: 1094122 Local Remetente:  Local Recebedor: 191739 Tipo de Movimentacão: 1 Data: Jun  5 2020  4:50PM Justificativa: PROCESSO SEI 23106.154940/2019-53Documentos de Ingresso: TIPO DE DOC. INGRESSO: 1.725.322 NOTA FISCALEmpenho(s): EMPENHOS: Número: 805936 Data:Dez 26 2019 12:00AM;Em uso;ACAUTELADO;BRENO MESQUITA DA SILVA;;;;;
UNB;110124_4385 - SALA DA ASSESSORIA DA UAB / CEAD;ALICE MELO RIBEIRO;477313;MONITOR DE VÍDEO;Bem MIGRADO do SIPAT: Registro: 477313 - Origem: FUBDados da última movimentação no SIPAT:Ano: 2020 Número: 3014 Matrícula Remetente:  Matrícula Recebedor: 1094122 Local Remetente:  Local Recebedor: 191739 Tipo de Movimentacão: 1 Data: Jun  5 2020  4:51PM Justificativa:Documentos de Ingresso: TIPO DE DOC. INGRESSO: 1.723.497 NOTA FISCALEmpenho(s): EMPENHOS: Número: 805935 Data:Dez 26 2019 12:00AM;Em uso;EFETIVADO;;;;;;
UNB;110124_4394 - SALA COORDENAÇÃO ACADÊMICA / CEAD;ALICE MELO RIBEIRO;477316;MONITOR DE VÍDEO;Bem MIGRADO do SIPAT: Registro: 477316 - Origem: FUBDados da última movimentação no SIPAT:Ano: 2020 Número: 3014 Matrícula Remetente:  Matrícula Recebedor: 1094122 Local Remetente:  Local Recebedor: 191739 Tipo de Movimentacão: 1 Data: Jun  5 2020  4:51PM Justificativa:Documentos de Ingresso: TIPO DE DOC. INGRESSO: 1.723.497 NOTA FISCALEmpenho(s): EMPENHOS: Número: 805935 Data:Dez 26 2019 12:00AM;Em uso;ACAUTELADO;NAIARA ROCHA GUARINI ALVES;;;;;
UNB;110124_4393 - SALA CTIC / CEAD;ALICE MELO RIBEIRO;407254;MONITOR DE VÍDEO;Bem MIGRADO do SIPAT: Registro: 407254 - Origem: FUBDados da última movimentação no SIPAT:Ano: 2019 Número: 6615 Matrícula Remetente: 1107500 Matrícula Recebedor: 1046926 Local Remetente: 133728 Local Recebedor: 191746 Tipo de Movimentacão: 2 Data: Jun 21 2019 12:05PM Justificativa:Documentos de Ingresso: TIPO DE DOC. INGRESSO: 28585 NOTA FISCALEmpenho(s): EMPENHOS: Número: 805349 Data:Out 15 2013 12:00AM;Em uso;ACAUTELADO;LUIS MARCOS MARTINS DO NASCIMENTO;;;;;
UNB;110124_4393 - SALA CTIC / CEAD;ALICE MELO RIBEIRO;404475;MONITOR DE VÍDEO;Bem MIGRADO do SIPAT: Registro: 404475 - Origem: FUBDados da última movimentação no SIPAT:Ano: 2019 Número: 8224 Matrícula Remetente: 1107500 Matrícula Recebedor: 1046675 Local Remetente: 133728 Local Recebedor: 191748 Tipo de Movimentacão: 2 Data: Jul  9 2019  8:57AM Justificativa:Documentos de Ingresso: TIPO DE DOC. INGRESSO: 28585 NOTA FISCALEmpenho(s): EMPENHOS: Número: 805349 Data:Out 15 2013 12:00AM;Em uso;ACAUTELADO;LUIS MARCOS MARTINS DO NASCIMENTO;;;;;
UNB;110124_4386 - SALA DE REUNIÃO / CEAD;ALICE MELO RIBEIRO;368645;MONITOR DE VÍDEO;Bem MIGRADO do SIPAT: Registro: 368645 - Origem: FUBDados da última movimentação no SIPAT:Ano: 2019 Número: 8297 Matrícula Remetente: 713546 Matrícula Recebedor: 1120611 Local Remetente: 185501 Local Recebedor: 191751 Tipo de Movimentacão: 2 Data: Jul  9 2019  3:49PM Justificativa:Documentos de Ingresso: TIPO DE DOC. INGRESSO: 312922 NOTA FISCALEmpenho(s): EMPENHOS: Número: 808420 Data:Dez  2 2011 12:00AM;Em uso;EFETIVADO;;;;;;
UNB;110124_4394 - SALA COORDENAÇÃO ACADÊMICA / CEAD;ALICE MELO RIBEIRO;368651;MONITOR DE VÍDEO;Bem MIGRADO do SIPAT: Registro: 368651 - Origem: FUBDados da última movimentação no SIPAT:Ano: 2019 Número: 8297 Matrícula Remetente: 713546 Matrícula Recebedor: 1120611 Local Remetente: 185501 Local Recebedor: 191751 Tipo de Movimentacão: 2 Data: Jul  9 2019  3:49PM Justificativa:Documentos de Ingresso: TIPO DE DOC. INGRESSO: 312922 NOTA FISCALEmpenho(s): EMPENHOS: Número: 808420 Data:Dez  2 2011 12:00AM;Em uso;ACAUTELADO;BRUNA EVELIN SOUZA FILGUEIRAS;;;;;
UNB;110124_4394 - SALA COORDENAÇÃO ACADÊMICA / CEAD;ALICE MELO RIBEIRO;368653;MONITOR DE VÍDEO;Bem MIGRADO do SIPAT: Registro: 368653 - Origem: FUBDados da última movimentação no SIPAT:Ano: 2019 Número: 9475 Matrícula Remetente: 1116100 Matrícula Recebedor: 1123220 Local Remetente: 191471 Local Recebedor: 191753 Tipo de Movimentacão: 2 Data: Jul 31 2019 10:47AM Justificativa:Documentos de Ingresso: TIPO DE DOC. INGRESSO: 312922 NOTA FISCALEmpenho(s): EMPENHOS: Número: 808420 Data:Dez  2 2011 12:00AM;Em uso;EFETIVADO;;;;;;
UNB;110124_4393 - SALA CTIC / CEAD;ALICE MELO RIBEIRO;414774;MONITOR DE VÍDEO;Bem MIGRADO do SIPAT: Registro: 414774 - Origem: FUBDados da última movimentação no SIPAT:Ano: 2019 Número: 9489 Matrícula Remetente: 1043391 Matrícula Recebedor: 1123220 Local Remetente: 185501 Local Recebedor: 191753 Tipo de Movimentacão: 2 Data: Jul 31 2019  3:58PM Justificativa:Documentos de Ingresso: TIPO DE DOC. INGRESSO: 32645 NOTA FISCALEmpenho(s): EMPENHOS: Número: 806253 Data:Nov  7 2013 12:00AM;Em uso;EFETIVADO;;;;;;
UNB;110124_4398 - SALA ILHA DE EDIÇÃO / CEAD;ALICE MELO RIBEIRO;2022002848;MONITOR; VÍDEO;PROCESSO SEI: 23106.024697/2022-452021NE2667;"-MON. LED 23.8"" AOC -MODELO: 24P1U-N/S: GNSL4XA001235";AOC;;;;;
UNB;110124_4394 - SALA COORDENAÇÃO ACADÊMICA / CEAD;ALICE MELO RIBEIRO;2022002846;MONITOR; VÍDEO;PROCESSO SEI: 23106.024697/2022-452021NE2667;"-MON. LED 23.8"" AOC -MODELO: 24P1U-N/S: GNSL4XA001566";AOC;;;;;
UNB;110124_4384 - SALA DA DIREÇÃO / CEAD;ALICE MELO RIBEIRO;2022002847;MONITOR; VÍDEO;PROCESSO SEI: 23106.024697/2022-452021NE2667;"-MON. LED 23.8"" AOC -MODELO: 24P1U-N/S: GNSL4XA007484";AOC;;;;;
UNB;110124_4398 - SALA ILHA DE EDIÇÃO / CEAD;ALICE MELO RIBEIRO;2022002849;MONITOR; VÍDEO;PROCESSO SEI: 23106.024697/2022-452021NE2667;"-MON. LED 23.8"" AOC -MODELO: 24P1U-N/S: GNSL4XA009295";AOC;;;;;
UNB;110124_4375 - UNIVERSIDADE ABERTA DO BRASIL/CEAD_185501;ALICE MELO RIBEIRO;323766;NO BREAK;Bem MIGRADO do SIPAT: Registro: 323766 - Origem: FUBDados da última movimentação no SIPAT:Ano: 2012 Número: 12970 Matrícula Remetente: 67385 Matrícula Recebedor: 713546 Local Remetente: 142573 Local Recebedor: 185501 Tipo de Movimentacão: 2 Data: Dez 11 2012  3:17PM Justificativa:Documentos de Ingresso: TIPO DE DOC. INGRESSO: 22335 NOTA FISCALEmpenho(s): EMPENHOS: Número: 915512 Data:Dez 11 2009 12:00AM;Em uso;ACAUTELADO;RUI SEIMETZ;;;;;
UNB;110124_4373 - CENTRO DE EDUCAÇÃO À DISTÂNCIA/CEAD_133728;ALICE MELO RIBEIRO;227784;NO BREAK;Bem MIGRADO do SIPAT: Registro: 227784 - Origem: FUBDados da última movimentação no SIPAT:Ano: 2004 Número: 3646 Matrícula Remetente:  Matrícula Recebedor: 613878 Local Remetente:  Local Recebedor: 133728 Tipo de Movimentacão: 1 Data:  Justificativa:Documentos de Ingresso: TIPO DE DOC. INGRESSO: 1218 NOTA FISCALEmpenho(s): EMPENHOS: Número: 902072 Data:Abr 20 2004 12:00AM;Em uso;ACAUTELADO;BERNARDO KIPNIS;;;;;
UNB;110124_4394 - SALA COORDENAÇÃO ACADÊMICA / CEAD;ALICE MELO RIBEIRO;297707;NO BREAK;Bem MIGRADO do SIPAT: Registro: 297707 - Origem: FUBDados da última movimentação no SIPAT:Ano: 2019 Número: 9425 Matrícula Remetente: 713546 Matrícula Recebedor: 1116100 Local Remetente: 185501 Local Recebedor: 191754 Tipo de Movimentacão: 2 Data: Jul 30 2019  3:58PM Justificativa:Documentos de Ingresso: TIPO DE DOC. INGRESSO: 744921 NOTA FISCALEmpenho(s): EMPENHOS: Número: 913666 Data:Dez 31 2008 12:00AM;Em uso;EFETIVADO;;;;;;
UNB;110124_4394 - SALA COORDENAÇÃO ACADÊMICA / CEAD;ALICE MELO RIBEIRO;368037;NO BREAK;Bem MIGRADO do SIPAT: Registro: 368037 - Origem: FUBDados da última movimentação no SIPAT:Ano: 2019 Número: 9474 Matrícula Remetente: 713546 Matrícula Recebedor: 1123220 Local Remetente: 185501 Local Recebedor: 191753 Tipo de Movimentacão: 2 Data: Jul 30 2019  3:59PM Justificativa:Documentos de Ingresso: TIPO DE DOC. INGRESSO: 174059 NOTA FISCALEmpenho(s): EMPENHOS: Número: 808462 Data:Dez  2 2011 12:00AM;Em uso;EFETIVADO;;;;;;
UNB;110124_4386 - SALA DE REUNIÃO / CEAD;ALICE MELO RIBEIRO;2023003374;NOTEBOOK DATEN;PROCESSO SEI DE EMPENHO:23106.137871/2022-19PROCESSO SEI DE COMPRA: 23106.040143/2023-76UNIDADE REQUISITANTE: CENTRO DE EDUCACAO A DISTANCIA (11.01.24)NF: 61677     SÉRIE:004       DATA: 14/03/2023;Em uso;EFETIVADO;;;;;;
UNB;110124_4384 - SALA DA DIREÇÃO / CEAD;ALICE MELO RIBEIRO;2023003375;NOTEBOOK DATEN  ;PROCESSO SEI DE EMPENHO:23106.137871/2022-19PROCESSO SEI DE COMPRA: 23106.040143/2023-76UNIDADE REQUISITANTE: CENTRO DE EDUCACAO A DISTANCIA (11.01.24)NF: 61677     SÉRIE:004       DATA: 14/03/2023;Em uso;EFETIVADO;;;;;;
UNB;110124_4384 - SALA DA DIREÇÃO / CEAD;ALICE MELO RIBEIRO;2023000346;P009 POLY STUDIO BRA (TERMINAL PARA VIDEOCONFERÊNCIA ALL-IN-ONE) -MODELO: P009 -N/S: 8G212863EFBCF9 -P/N: 2201-85308-001;-PROCESSO DE EMPENHO SEI: 23106.139987/2022-92 *2022NE3782-PROCESSO DE PAGAMENTO SEI: 23106.004422/2023-76-UNIDADE REQUISITANTE: CENTRO DE EDUCACAO A DISTANCIA (11.01.24)-NF: 255 SÉRIE: 1 DATA: 02/;Em uso;EFETIVADO;;;;;;
UNB;110124_4386 - SALA DE REUNIÃO / CEAD;ALICE MELO RIBEIRO;2023000345;P009 POLY STUDIO BRA (TERMINAL PARA VIDEOCONFERÊNCIA ALL-IN-ONE) -MODELO: P009 -N/S: 8G212864A852F9 -P/N: 2201-85308-001;-PROCESSO DE EMPENHO SEI: 23106.139987/2022-92 *2022NE3782-PROCESSO DE PAGAMENTO SEI: 23106.004422/2023-76-UNIDADE REQUISITANTE: CENTRO DE EDUCACAO A DISTANCIA (11.01.24)-NF: 255 SÉRIE: 1 DATA: 02/01/2023;Em uso;EFETIVADO;;;;;;
UNB;110124_4375 - UNIVERSIDADE ABERTA DO BRASIL/CEAD_185501;ALICE MELO RIBEIRO;2020240741;PEDESTAL P/MICROFONE;Bem MIGRADO do SIPAT: Registro: 922659 - Origem: FUBDados da última movimentação no SIPAT:Ano: 2012 Número: 13744 Matrícula Remetente: 1043765 Matrícula Recebedor: 713546 Local Remetente: 185501 Local Recebedor: 185501 Tipo de Movimentacão: 2 Data: Dez 17 2012 10:40AM Justificativa:Documentos de Ingresso: TIPO DE DOC. INGRESSO: 5121 NOTA FISCALEmpenho(s): EMPENHOS: Número: 912982 Data:Nov 18 2009 12:00AM;Em uso;ACAUTELADO;RUI SEIMETZ;;;;;
UNB;110124_4375 - UNIVERSIDADE ABERTA DO BRASIL/CEAD_185501;ALICE MELO RIBEIRO;2020240742;PEDESTAL P/MICROFONE;Bem MIGRADO do SIPAT: Registro: 922659 - Origem: FUBDados da última movimentação no SIPAT:Ano: 2012 Número: 13744 Matrícula Remetente: 1043765 Matrícula Recebedor: 713546 Local Remetente: 185501 Local Recebedor: 185501 Tipo de Movimentacão: 2 Data: Dez 17 2012 10:40AM Justificativa:Documentos de Ingresso: TIPO DE DOC. INGRESSO: 5121 NOTA FISCALEmpenho(s): EMPENHOS: Número: 912982 Data:Nov 18 2009 12:00AM;Em uso;ACAUTELADO;RUI SEIMETZ;;;;;
UNB;110124_4375 - UNIVERSIDADE ABERTA DO BRASIL/CEAD_185501;ALICE MELO RIBEIRO;2020240743;PEDESTAL P/MICROFONE;Bem MIGRADO do SIPAT: Registro: 922659 - Origem: FUBDados da última movimentação no SIPAT:Ano: 2012 Número: 13744 Matrícula Remetente: 1043765 Matrícula Recebedor: 713546 Local Remetente: 185501 Local Recebedor: 185501 Tipo de Movimentacão: 2 Data: Dez 17 2012 10:40AM Justificativa:Documentos de Ingresso: TIPO DE DOC. INGRESSO: 5121 NOTA FISCALEmpenho(s): EMPENHOS: Número: 912982 Data:Nov 18 2009 12:00AM;Em uso;ACAUTELADO;RUI SEIMETZ;;;;;
UNB;110124_4375 - UNIVERSIDADE ABERTA DO BRASIL/CEAD_185501;ALICE MELO RIBEIRO;2020240744;PEDESTAL P/MICROFONE;Bem MIGRADO do SIPAT: Registro: 922659 - Origem: FUBDados da última movimentação no SIPAT:Ano: 2012 Número: 13744 Matrícula Remetente: 1043765 Matrícula Recebedor: 713546 Local Remetente: 185501 Local Recebedor: 185501 Tipo de Movimentacão: 2 Data: Dez 17 2012 10:40AM Justificativa:Documentos de Ingresso: TIPO DE DOC. INGRESSO: 5121 NOTA FISCALEmpenho(s): EMPENHOS: Número: 912982 Data:Nov 18 2009 12:00AM;Em uso;ACAUTELADO;RUI SEIMETZ;;;;;
UNB;110124_4375 - UNIVERSIDADE ABERTA DO BRASIL/CEAD_185501;ALICE MELO RIBEIRO;2020240745;PEDESTAL P/MICROFONE;Bem MIGRADO do SIPAT: Registro: 922659 - Origem: FUBDados da última movimentação no SIPAT:Ano: 2012 Número: 13744 Matrícula Remetente: 1043765 Matrícula Recebedor: 713546 Local Remetente: 185501 Local Recebedor: 185501 Tipo de Movimentacão: 2 Data: Dez 17 2012 10:40AM Justificativa:Documentos de Ingresso: TIPO DE DOC. INGRESSO: 5121 NOTA FISCALEmpenho(s): EMPENHOS: Número: 912982 Data:Nov 18 2009 12:00AM;Em uso;ACAUTELADO;RUI SEIMETZ;;;;;
UNB;110124_4375 - UNIVERSIDADE ABERTA DO BRASIL/CEAD_185501;ALICE MELO RIBEIRO;2020242749;PEDESTAL P/MICROFONE;Bem MIGRADO do SIPAT: Registro: 922660 - Origem: FUBDados da última movimentação no SIPAT:Ano: 2012 Número: 13744 Matrícula Remetente: 1043765 Matrícula Recebedor: 713546 Local Remetente: 185501 Local Recebedor: 185501 Tipo de Movimentacão: 2 Data: Dez 17 2012 10:40AM Justificativa:Documentos de Ingresso: TIPO DE DOC. INGRESSO: 5121 NOTA FISCALEmpenho(s): EMPENHOS: Número: 912982 Data:Nov 18 2010 12:00AM;Em uso;ACAUTELADO;RUI SEIMETZ;;;;;
UNB;110124_4375 - UNIVERSIDADE ABERTA DO BRASIL/CEAD_185501;ALICE MELO RIBEIRO;2020242750;PEDESTAL P/MICROFONE;Bem MIGRADO do SIPAT: Registro: 922660 - Origem: FUBDados da última movimentação no SIPAT:Ano: 2012 Número: 13744 Matrícula Remetente: 1043765 Matrícula Recebedor: 713546 Local Remetente: 185501 Local Recebedor: 185501 Tipo de Movimentacão: 2 Data: Dez 17 2012 10:40AM Justificativa:Documentos de Ingresso: TIPO DE DOC. INGRESSO: 5121 NOTA FISCALEmpenho(s): EMPENHOS: Número: 912982 Data:Nov 18 2010 12:00AM;Em uso;ACAUTELADO;RUI SEIMETZ;;;;;
UNB;110124_4375 - UNIVERSIDADE ABERTA DO BRASIL/CEAD_185501;ALICE MELO RIBEIRO;2020242751;PEDESTAL P/MICROFONE;Bem MIGRADO do SIPAT: Registro: 922660 - Origem: FUBDados da última movimentação no SIPAT:Ano: 2012 Número: 13744 Matrícula Remetente: 1043765 Matrícula Recebedor: 713546 Local Remetente: 185501 Local Recebedor: 185501 Tipo de Movimentacão: 2 Data: Dez 17 2012 10:40AM Justificativa:Documentos de Ingresso: TIPO DE DOC. INGRESSO: 5121 NOTA FISCALEmpenho(s): EMPENHOS: Número: 912982 Data:Nov 18 2010 12:00AM;Em uso;ACAUTELADO;RUI SEIMETZ;;;;;
UNB;110124_4375 - UNIVERSIDADE ABERTA DO BRASIL/CEAD_185501;ALICE MELO RIBEIRO;2020242752;PEDESTAL P/MICROFONE;Bem MIGRADO do SIPAT: Registro: 922660 - Origem: FUBDados da última movimentação no SIPAT:Ano: 2012 Número: 13744 Matrícula Remetente: 1043765 Matrícula Recebedor: 713546 Local Remetente: 185501 Local Recebedor: 185501 Tipo de Movimentacão: 2 Data: Dez 17 2012 10:40AM Justificativa:Documentos de Ingresso: TIPO DE DOC. INGRESSO: 5121 NOTA FISCALEmpenho(s): EMPENHOS: Número: 912982 Data:Nov 18 2010 12:00AM;Em uso;ACAUTELADO;RUI SEIMETZ;;;;;
UNB;110124_4375 - UNIVERSIDADE ABERTA DO BRASIL/CEAD_185501;ALICE MELO RIBEIRO;2020242753;PEDESTAL P/MICROFONE;Bem MIGRADO do SIPAT: Registro: 922660 - Origem: FUBDados da última movimentação no SIPAT:Ano: 2012 Número: 13744 Matrícula Remetente: 1043765 Matrícula Recebedor: 713546 Local Remetente: 185501 Local Recebedor: 185501 Tipo de Movimentacão: 2 Data: Dez 17 2012 10:40AM Justificativa:Documentos de Ingresso: TIPO DE DOC. INGRESSO: 5121 NOTA FISCALEmpenho(s): EMPENHOS: Número: 912982 Data:Nov 18 2010 12:00AM;Em uso;ACAUTELADO;RUI SEIMETZ;;;;;
UNB;110124_4392 - SALA DA COORD. PLANEJAMENTO E FINANANÇAS / CEAD;ALICE MELO RIBEIRO;288873;PERFURADORA/ENCADERNADORA;Bem MIGRADO do SIPAT: Registro: 288873 - Origem: FUBDados da última movimentação no SIPAT:Ano: 2019 Número: 9487 Matrícula Remetente: 866423 Matrícula Recebedor: 1123220 Local Remetente: 133728 Local Recebedor: 191753 Tipo de Movimentacão: 2 Data: Jul 31 2019 10:48AM Justificativa:Documentos de Ingresso: TIPO DE DOC. INGRESSO: 5234 NOTA FISCALEmpenho(s): EMPENHOS: Número: 909933 Data:Nov 15 2008 12:00AM;Em uso;EFETIVADO;;;;;;
UNB;110124_4375 - UNIVERSIDADE ABERTA DO BRASIL/CEAD_185501;ALICE MELO RIBEIRO;373979;POLTRONA FIXA SEM BRAÇOS;Bem MIGRADO do SIPAT: Registro: 373979 - Origem: FUBDados da última movimentação no SIPAT:Ano: 2012 Número: 12815 Matrícula Remetente: 1042459 Matrícula Recebedor: 713546 Local Remetente: 185501 Local Recebedor: 185501 Tipo de Movimentacão: 2 Data: Dez 17 2012 10:39AM Justificativa:Documentos de Ingresso: TIPO DE DOC. INGRESSO: 8106 NOTA FISCALEmpenho(s): EMPENHOS: Número: 808635 Data:Dez  3 2011 12:00AM;Em uso;ACAUTELADO;RUI SEIMETZ;;;;;
UNB;110124_4375 - UNIVERSIDADE ABERTA DO BRASIL/CEAD_185501;ALICE MELO RIBEIRO;373982;POLTRONA FIXA SEM BRAÇOS;Bem MIGRADO do SIPAT: Registro: 373982 - Origem: FUBDados da última movimentação no SIPAT:Ano: 2012 Número: 12815 Matrícula Remetente: 1042459 Matrícula Recebedor: 713546 Local Remetente: 185501 Local Recebedor: 185501 Tipo de Movimentacão: 2 Data: Dez 17 2012 10:39AM Justificativa:Documentos de Ingresso: TIPO DE DOC. INGRESSO: 8106 NOTA FISCALEmpenho(s): EMPENHOS: Número: 808635 Data:Dez  3 2011 12:00AM;Em uso;ACAUTELADO;RUI SEIMETZ;;;;;
UNB;110124_4375 - UNIVERSIDADE ABERTA DO BRASIL/CEAD_185501;ALICE MELO RIBEIRO;373985;POLTRONA FIXA SEM BRAÇOS;Bem MIGRADO do SIPAT: Registro: 373985 - Origem: FUBDados da última movimentação no SIPAT:Ano: 2012 Número: 12815 Matrícula Remetente: 1042459 Matrícula Recebedor: 713546 Local Remetente: 185501 Local Recebedor: 185501 Tipo de Movimentacão: 2 Data: Dez 17 2012 10:39AM Justificativa:Documentos de Ingresso: TIPO DE DOC. INGRESSO: 8106 NOTA FISCALEmpenho(s): EMPENHOS: Número: 808635 Data:Dez  3 2011 12:00AM;Em uso;ACAUTELADO;RUI SEIMETZ;;;;;
UNB;110124_4375 - UNIVERSIDADE ABERTA DO BRASIL/CEAD_185501;ALICE MELO RIBEIRO;373975;POLTRONA GIRATÓRIA COM BRAÇOS;Bem MIGRADO do SIPAT: Registro: 373975 - Origem: FUBDados da última movimentação no SIPAT:Ano: 2012 Número: 12815 Matrícula Remetente: 1042459 Matrícula Recebedor: 713546 Local Remetente: 185501 Local Recebedor: 185501 Tipo de Movimentacão: 2 Data: Dez 17 2012 10:39AM Justificativa:Documentos de Ingresso: TIPO DE DOC. INGRESSO: 8106 NOTA FISCALEmpenho(s): EMPENHOS: Número: 808635 Data:Dez  3 2011 12:00AM;Em uso;ACAUTELADO;RUI SEIMETZ;;;;;
UNB;110124_4393 - SALA CTIC / CEAD;ALICE MELO RIBEIRO;445053;POLTRONA GIRATÓRIA COM BRAÇOS;Bem MIGRADO do SIPAT: Registro: 445053 - Origem: FUBDados da última movimentação no SIPAT:Ano: 2019 Número: 10277 Matrícula Remetente: 1041321 Matrícula Recebedor: 1071017 Local Remetente: 191751 Local Recebedor: 191751 Tipo de Movimentacão: 2 Data: Ago  6 2019 11:57AM Justificativa:Documentos de Ingresso: TIPO DE DOC. INGRESSO: 63226 NOTA FISCALEmpenho(s): EMPENHOS: Número: 804258 Data:Out 26 2015 12:00AM;Em uso;EFETIVADO;;;;;;
UNB;110124_4393 - SALA CTIC / CEAD;ALICE MELO RIBEIRO;445081;POLTRONA GIRATÓRIA COM BRAÇOS;Bem MIGRADO do SIPAT: Registro: 445081 - Origem: FUBDados da última movimentação no SIPAT:Ano: 2020 Número: 4584 Matrícula Remetente: 1098462 Matrícula Recebedor: 1041321 Local Remetente: 191751 Local Recebedor: 191751 Tipo de Movimentacão: 3 Data: Nov 13 2020 11:24AM Justificativa:Documentos de Ingresso: TIPO DE DOC. INGRESSO: 63226 NOTA FISCALEmpenho(s): EMPENHOS: Número: 804258 Data:Out 26 2015 12:00AM;Em uso;EFETIVADO;;;;;;
UNB;110124_4384 - SALA DA DIREÇÃO / CEAD;ALICE MELO RIBEIRO;469703;POLTRONA GIRATÓRIA COM BRAÇOS;Bem MIGRADO do SIPAT: Registro: 469703 - Origem: FUBDados da última movimentação no SIPAT:Ano: 2019 Número: 9523 Matrícula Remetente: 1094122 Matrícula Recebedor: 1116100 Local Remetente: 191739 Local Recebedor: 191754 Tipo de Movimentacão: 2 Data: Jul 30 2019  3:06PM Justificativa:Documentos de Ingresso: TIPO DE DOC. INGRESSO: 86.763 NOTA FISCALEmpenho(s): EMPENHOS: Número: 801115 Data:Abr 18 2019 12:00AM;Em uso;EFETIVADO;;;;;;
UNB;110124_4391 - SALA DA SECRETARIA / CEAD;ALICE MELO RIBEIRO;445036;POLTRONA GIRATÓRIA COM BRAÇOS;Bem MIGRADO do SIPAT: Registro: 445036 - Origem: FUBDados da última movimentação no SIPAT:Ano: 2019 Número: 6740 Matrícula Remetente: 1094122 Matrícula Recebedor: 1041321 Local Remetente: 133728 Local Recebedor: 191751 Tipo de Movimentacão: 2 Data: Jun 21 2019 12:08PM Justificativa:Documentos de Ingresso: TIPO DE DOC. INGRESSO: 63226 NOTA FISCALEmpenho(s): EMPENHOS: Número: 804258 Data:Out 26 2015 12:00AM;Em uso;ACAUTELADO;;;;;;
UNB;110124_4384 - SALA DA DIREÇÃO / CEAD;ALICE MELO RIBEIRO;469706;POLTRONA GIRATÓRIA COM BRAÇOS;Bem MIGRADO do SIPAT: Registro: 469706 - Origem: FUBDados da última movimentação no SIPAT:Ano: 2019 Número: 9525 Matrícula Remetente: 1094122 Matrícula Recebedor: 1123220 Local Remetente: 191739 Local Recebedor: 191753 Tipo de Movimentacão: 2 Data: Jul 30 2019  3:05PM Justificativa:Documentos de Ingresso: TIPO DE DOC. INGRESSO: 86.763 NOTA FISCALEmpenho(s): EMPENHOS: Número: 801115 Data:Abr 18 2019 12:00AM;Em uso;EFETIVADO;;;;;;
UNB;110124_4375 - UNIVERSIDADE ABERTA DO BRASIL/CEAD_185501;ALICE MELO RIBEIRO;373974;POLTRONA GIRATÓRIA COM BRAÇOS;Bem MIGRADO do SIPAT: Registro: 373974 - Origem: FUBDados da última movimentação no SIPAT:Ano: 2012 Número: 12815 Matrícula Remetente: 1042459 Matrícula Recebedor: 713546 Local Remetente: 185501 Local Recebedor: 185501 Tipo de Movimentacão: 2 Data: Dez 17 2012 10:39AM Justificativa:Documentos de Ingresso: TIPO DE DOC. INGRESSO: 8106 NOTA FISCALEmpenho(s): EMPENHOS: Número: 808635 Data:Dez  3 2011 12:00AM;Em uso;ACAUTELADO;RUI SEIMETZ;;;;;
UNB;110124_4391 - SALA DA SECRETARIA / CEAD;ALICE MELO RIBEIRO;445044;POLTRONA GIRATÓRIA COM BRAÇOS;Bem MIGRADO do SIPAT: Registro: 445044 - Origem: FUBDados da última movimentação no SIPAT:Ano: 2019 Número: 6630 Matrícula Remetente: 1094122 Matrícula Recebedor: 1121570 Local Remetente: 133728 Local Recebedor: 191746 Tipo de Movimentacão: 2 Data: Jun 21 2019 12:05PM Justificativa:Documentos de Ingresso: TIPO DE DOC. INGRESSO: 63226 NOTA FISCALEmpenho(s): EMPENHOS: Número: 804258 Data:Out 26 2015 12:00AM;Em uso;ACAUTELADO;JANAINA RIBEIRO DE CARVALHO;;;;;
UNB;110124_4391 - SALA DA SECRETARIA / CEAD;ALICE MELO RIBEIRO;445067;POLTRONA GIRATÓRIA COM BRAÇOS;Bem MIGRADO do SIPAT: Registro: 445067 - Origem: FUBDados da última movimentação no SIPAT:Ano: 2019 Número: 7344 Matrícula Remetente: 1094122 Matrícula Recebedor: 1046926 Local Remetente: 133728 Local Recebedor: 191746 Tipo de Movimentacão: 2 Data: Jun 28 2019 10:37AM Justificativa:Documentos de Ingresso: TIPO DE DOC. INGRESSO: 63226 NOTA FISCALEmpenho(s): EMPENHOS: Número: 804258 Data:Out 26 2015 12:00AM;Em uso;EFETIVADO;;;;;;
UNB;110124_4392 - SALA DA COORD. PLANEJAMENTO E FINANANÇAS / CEAD;ALICE MELO RIBEIRO;469699;POLTRONA GIRATÓRIA COM BRAÇOS;Bem MIGRADO do SIPAT: Registro: 469699 - Origem: FUBDados da última movimentação no SIPAT:Ano: 2019 Número: 9510 Matrícula Remetente: 1094122 Matrícula Recebedor: 1120450 Local Remetente: 191739 Local Recebedor: 191747 Tipo de Movimentacão: 2 Data: Jul 30 2019  3:01PM Justificativa:Documentos de Ingresso: TIPO DE DOC. INGRESSO: 86.763 NOTA FISCALEmpenho(s): EMPENHOS: Número: 801115 Data:Abr 18 2019 12:00AM;Em uso;ACAUTELADO;BRENO MESQUITA DA SILVA;;;;;
UNB;110124_4384 - SALA DA DIREÇÃO / CEAD;ALICE MELO RIBEIRO;469702;POLTRONA GIRATÓRIA COM BRAÇOS;Bem MIGRADO do SIPAT: Registro: 469702 - Origem: FUBDados da última movimentação no SIPAT:Ano: 2019 Número: 9510 Matrícula Remetente: 1094122 Matrícula Recebedor: 1120450 Local Remetente: 191739 Local Recebedor: 191747 Tipo de Movimentacão: 2 Data: Jul 30 2019  3:01PM Justificativa:Documentos de Ingresso: TIPO DE DOC. INGRESSO: 86.763 NOTA FISCALEmpenho(s): EMPENHOS: Número: 801115 Data:Abr 18 2019 12:00AM;Em uso;EFETIVADO;;;;;;
UNB;110124_4384 - SALA DA DIREÇÃO / CEAD;ALICE MELO RIBEIRO;469705;POLTRONA GIRATÓRIA COM BRAÇOS;Bem MIGRADO do SIPAT: Registro: 469705 - Origem: FUBDados da última movimentação no SIPAT:Ano: 2019 Número: 9523 Matrícula Remetente: 1094122 Matrícula Recebedor: 1116100 Local Remetente: 191739 Local Recebedor: 191754 Tipo de Movimentacão: 2 Data: Jul 30 2019  3:06PM Justificativa:Documentos de Ingresso: TIPO DE DOC. INGRESSO: 86.763 NOTA FISCALEmpenho(s): EMPENHOS: Número: 801115 Data:Abr 18 2019 12:00AM;Em uso;EFETIVADO;;;;;;
UNB;110124_4375 - UNIVERSIDADE ABERTA DO BRASIL/CEAD_185501;ALICE MELO RIBEIRO;373963;POLTRONA GIRATÓRIA COM BRAÇOS;Bem MIGRADO do SIPAT: Registro: 373963 - Origem: FUBDados da última movimentação no SIPAT:Ano: 2012 Número: 12815 Matrícula Remetente: 1042459 Matrícula Recebedor: 713546 Local Remetente: 185501 Local Recebedor: 185501 Tipo de Movimentacão: 2 Data: Dez 17 2012 10:39AM Justificativa:Documentos de Ingresso: TIPO DE DOC. INGRESSO: 8106 NOTA FISCALEmpenho(s): EMPENHOS: Número: 808635 Data:Dez  3 2011 12:00AM;Em uso;ACAUTELADO;RUI SEIMETZ;;;;;
UNB;110124_4391 - SALA DA SECRETARIA / CEAD;ALICE MELO RIBEIRO;445026;POLTRONA GIRATÓRIA COM BRAÇOS;Bem MIGRADO do SIPAT: Registro: 445026 - Origem: FUBDados da última movimentação no SIPAT:Ano: 2019 Número: 6681 Matrícula Remetente: 1094122 Matrícula Recebedor: 1094122 Local Remetente: 133728 Local Recebedor: 191740 Tipo de Movimentacão: 2 Data: Jun 21 2019 12:06PM Justificativa:Documentos de Ingresso: TIPO DE DOC. INGRESSO: 63226 NOTA FISCALEmpenho(s): EMPENHOS: Número: 804258 Data:Out 26 2015 12:00AM;Em uso;ACAUTELADO;MARIA HELENA BAHIA BEZERRA;;;;;
UNB;110124_4385 - SALA DA ASSESSORIA DA UAB / CEAD;ALICE MELO RIBEIRO;469698;POLTRONA GIRATÓRIA COM BRAÇOS;Bem MIGRADO do SIPAT: Registro: 469698 - Origem: FUBDados da última movimentação no SIPAT:Ano: 2019 Número: 13812 Matrícula Remetente: 1106775 Matrícula Recebedor: 1120450 Local Remetente: 191747 Local Recebedor: 191747 Tipo de Movimentacão: 3 Data: Set 26 2019  2:56PM Justificativa: Processo n. 23106.120919/2019-54Documentos de Ingresso: TIPO DE DOC. INGRESSO: 86.763 NOTA FISCALEmpenho(s): EMPENHOS: Número: 801115 Data:Abr 18 2019 12:00AM;Em uso;EFETIVADO;;;;;;
UNB;110124_4392 - SALA DA COORD. PLANEJAMENTO E FINANANÇAS / CEAD;ALICE MELO RIBEIRO;469708;POLTRONA GIRATÓRIA COM BRAÇOS;Bem MIGRADO do SIPAT: Registro: 469708 - Origem: FUBDados da última movimentação no SIPAT:Ano: 2019 Número: 9525 Matrícula Remetente: 1094122 Matrícula Recebedor: 1123220 Local Remetente: 191739 Local Recebedor: 191753 Tipo de Movimentacão: 2 Data: Jul 30 2019  3:05PM Justificativa:Documentos de Ingresso: TIPO DE DOC. INGRESSO: 86.763 NOTA FISCALEmpenho(s): EMPENHOS: Número: 801115 Data:Abr 18 2019 12:00AM;Em uso;ACAUTELADO;BRENO MESQUITA DA SILVA;;;;;
UNB;110124_4391 - SALA DA SECRETARIA / CEAD;ALICE MELO RIBEIRO;445014;POLTRONA GIRATÓRIA COM BRAÇOS;Bem MIGRADO do SIPAT: Registro: 445014 - Origem: FUBDados da última movimentação no SIPAT:Ano: 2019 Número: 6957 Matrícula Remetente: 1094122 Matrícula Recebedor: 866423 Local Remetente: 133728 Local Recebedor: 191746 Tipo de Movimentacão: 2 Data: Jun 27 2019  1:21PM Justificativa:Documentos de Ingresso: TIPO DE DOC. INGRESSO: 63226 NOTA FISCALEmpenho(s): EMPENHOS: Número: 804258 Data:Out 26 2015 12:00AM;Em uso;EFETIVADO;;;;;;
UNB;110124_4392 - SALA DA COORD. PLANEJAMENTO E FINANANÇAS / CEAD;ALICE MELO RIBEIRO;445017;POLTRONA GIRATÓRIA COM BRAÇOS;Bem MIGRADO do SIPAT: Registro: 445017 - Origem: FUBDados da última movimentação no SIPAT:Ano: 2019 Número: 7189 Matrícula Remetente: 1094122 Matrícula Recebedor: 1046675 Local Remetente: 133728 Local Recebedor: 191748 Tipo de Movimentacão: 2 Data: Jun 24 2019  8:48AM Justificativa:Documentos de Ingresso: TIPO DE DOC. INGRESSO: 63226 NOTA FISCALEmpenho(s): EMPENHOS: Número: 804258 Data:Out 26 2015 12:00AM;Em uso;ACAUTELADO;BRENO MESQUITA DA SILVA;;;;;
UNB;110124_4393 - SALA CTIC / CEAD;ALICE MELO RIBEIRO;445040;POLTRONA GIRATÓRIA COM BRAÇOS;Bem MIGRADO do SIPAT: Registro: 445040 - Origem: FUBDados da última movimentação no SIPAT:Ano: 2019 Número: 9422 Matrícula Remetente: 1120450 Matrícula Recebedor: 1120611 Local Remetente: 191747 Local Recebedor: 191751 Tipo de Movimentacão: 2 Data: Jul 30 2019  3:04PM Justificativa:Documentos de Ingresso: TIPO DE DOC. INGRESSO: 63226 NOTA FISCALEmpenho(s): EMPENHOS: Número: 804258 Data:Out 26 2015 12:00AM;Em uso;EFETIVADO;;;;;;
UNB;110124_4394 - SALA COORDENAÇÃO ACADÊMICA / CEAD;ALICE MELO RIBEIRO;445079;POLTRONA GIRATÓRIA COM BRAÇOS;Bem MIGRADO do SIPAT: Registro: 445079 - Origem: FUBDados da última movimentação no SIPAT:Ano: 2019 Número: 9424 Matrícula Remetente: 1120450 Matrícula Recebedor: 1041321 Local Remetente: 191747 Local Recebedor: 191751 Tipo de Movimentacão: 2 Data: Jul 30 2019  3:05PM Justificativa:Documentos de Ingresso: TIPO DE DOC. INGRESSO: 63226 NOTA FISCALEmpenho(s): EMPENHOS: Número: 804258 Data:Out 26 2015 12:00AM;Em uso;EFETIVADO;;;;;;
UNB;110124_4384 - SALA DA DIREÇÃO / CEAD;ALICE MELO RIBEIRO;469704;POLTRONA GIRATÓRIA COM BRAÇOS;Bem MIGRADO do SIPAT: Registro: 469704 - Origem: FUBDados da última movimentação no SIPAT:Ano: 2019 Número: 9523 Matrícula Remetente: 1094122 Matrícula Recebedor: 1116100 Local Remetente: 191739 Local Recebedor: 191754 Tipo de Movimentacão: 2 Data: Jul 30 2019  3:06PM Justificativa:Documentos de Ingresso: TIPO DE DOC. INGRESSO: 86.763 NOTA FISCALEmpenho(s): EMPENHOS: Número: 801115 Data:Abr 18 2019 12:00AM;Em uso;EFETIVADO;;;;;;
UNB;110124_4384 - SALA DA DIREÇÃO / CEAD;ALICE MELO RIBEIRO;472282;POLTRONA GIRATÓRIA COM BRAÇOS;Bem MIGRADO do SIPAT: Registro: 472282 - Origem: FUBDados da última movimentação no SIPAT:Ano: 2019 Número: 18035 Matrícula Remetente:  Matrícula Recebedor: 1094122 Local Remetente:  Local Recebedor: 191739 Tipo de Movimentacão: 1 Data: Jan 10 2020  4:08PM Justificativa:Documentos de Ingresso: TIPO DE DOC. INGRESSO: 89.756 NOTA FISCALEmpenho(s): EMPENHOS: Número: 803850 Data:Out  1 2019 12:00AM;Em uso;EFETIVADO;;;;;;
UNB;110124_4394 - SALA COORDENAÇÃO ACADÊMICA / CEAD;ALICE MELO RIBEIRO;445059;POLTRONA GIRATÓRIA COM BRAÇOS;Bem MIGRADO do SIPAT: Registro: 445059 - Origem: FUBDados da última movimentação no SIPAT:Ano: 2019 Número: 9423 Matrícula Remetente: 1106775 Matrícula Recebedor: 1121588 Local Remetente: 191747 Local Recebedor: 191751 Tipo de Movimentacão: 2 Data: Ago  5 2019 12:07PM Justificativa:Documentos de Ingresso: TIPO DE DOC. INGRESSO: 63226 NOTA FISCALEmpenho(s): EMPENHOS: Número: 804258 Data:Out 26 2015 12:00AM;Em uso;EFETIVADO;;;;;;
UNB;110124_4384 - SALA DA DIREÇÃO / CEAD;ALICE MELO RIBEIRO;469707;POLTRONA GIRATÓRIA COM BRAÇOS;Bem MIGRADO do SIPAT: Registro: 469707 - Origem: FUBDados da última movimentação no SIPAT:Ano: 2019 Número: 9525 Matrícula Remetente: 1094122 Matrícula Recebedor: 1123220 Local Remetente: 191739 Local Recebedor: 191753 Tipo de Movimentacão: 2 Data: Jul 30 2019  3:05PM Justificativa:Documentos de Ingresso: TIPO DE DOC. INGRESSO: 86.763 NOTA FISCALEmpenho(s): EMPENHOS: Número: 801115 Data:Abr 18 2019 12:00AM;Em uso;EFETIVADO;;;;;;
UNB;110124_4393 - SALA CTIC / CEAD;ALICE MELO RIBEIRO;445083;POLTRONA GIRATÓRIA COM BRAÇOS;Bem MIGRADO do SIPAT: Registro: 445083 - Origem: FUBDados da última movimentação no SIPAT:Ano: 2019 Número: 11226 Matrícula Remetente: 1106775 Matrícula Recebedor: 1116100 Local Remetente: 191747 Local Recebedor: 191754 Tipo de Movimentacão: 2 Data: Ago 20 2019  9:48AM Justificativa:Documentos de Ingresso: TIPO DE DOC. INGRESSO: 63226 NOTA FISCALEmpenho(s): EMPENHOS: Número: 804258 Data:Out 26 2015 12:00AM;Em uso;EFETIVADO;;;;;;
UNB;110124_4394 - SALA COORDENAÇÃO ACADÊMICA / CEAD;ALICE MELO RIBEIRO;445042;POLTRONA GIRATÓRIA COM BRAÇOS;Bem MIGRADO do SIPAT: Registro: 445042 - Origem: FUBDados da última movimentação no SIPAT:Ano: 2019 Número: 6676 Matrícula Remetente: 1094122 Matrícula Recebedor: 1094122 Local Remetente: 133728 Local Recebedor: 191742 Tipo de Movimentacão: 2 Data: Jun 21 2019 11:18AM Justificativa:Documentos de Ingresso: TIPO DE DOC. INGRESSO: 63226 NOTA FISCALEmpenho(s): EMPENHOS: Número: 804258 Data:Out 26 2015 12:00AM;Em uso;EFETIVADO;;;;;;
UNB;110124_4392 - SALA DA COORD. PLANEJAMENTO E FINANANÇAS / CEAD;ALICE MELO RIBEIRO;469709;POLTRONA GIRATÓRIA COM BRAÇOS;Bem MIGRADO do SIPAT: Registro: 469709 - Origem: FUBDados da última movimentação no SIPAT:Ano: 2019 Número: 9510 Matrícula Remetente: 1094122 Matrícula Recebedor: 1120450 Local Remetente: 191739 Local Recebedor: 191747 Tipo de Movimentacão: 2 Data: Jul 30 2019  3:01PM Justificativa:Documentos de Ingresso: TIPO DE DOC. INGRESSO: 86.763 NOTA FISCALEmpenho(s): EMPENHOS: Número: 801115 Data:Abr 18 2019 12:00AM;Em uso;ACAUTELADO;BRENO MESQUITA DA SILVA;;;;;
UNB;110124_4393 - SALA CTIC / CEAD;ALICE MELO RIBEIRO;445070;POLTRONA GIRATÓRIA COM BRAÇOS;Bem MIGRADO do SIPAT: Registro: 445070 - Origem: FUBDados da última movimentação no SIPAT:Ano: 2019 Número: 6748 Matrícula Remetente: 1094122 Matrícula Recebedor: 1047931 Local Remetente: 133728 Local Recebedor: 191751 Tipo de Movimentacão: 2 Data: Jul  8 2019  4:16PM Justificativa:Documentos de Ingresso: TIPO DE DOC. INGRESSO: 63226 NOTA FISCALEmpenho(s): EMPENHOS: Número: 804258 Data:Out 26 2015 12:00AM;Em uso;EFETIVADO;;;;;;
UNB;110124_4386 - SALA DE REUNIÃO / CEAD;ALICE MELO RIBEIRO;2022008885;-POLTRONA GIRATÓRIA COR: AZUL -PATRIMÔNIO ANTERIOR: 395303;-INVENTÁRIO PATRIMONIAL-SEI: 23106.124498/2022-36;Em uso;EFETIVADO;;;;;;
UNB;110124_4386 - SALA DE REUNIÃO / CEAD;ALICE MELO RIBEIRO;2022008882;-POLTRONA GIRATÓRIA COR: AZUL -PATRIMÔNIO ANTERIOR: 395411;-INVENTÁRIO PATRIMONIAL-SEI: 23106.124498/2022-36;Em uso;EFETIVADO;;;;;;
UNB;110124_4386 - SALA DE REUNIÃO / CEAD;ALICE MELO RIBEIRO;2022008875;-POLTRONA GIRATÓRIA COR: AZUL -PATRIMÔNIO ANTERIOR: 395430;-INVENTÁRIO PATRIMONIAL-SEI: 23106.124498/2022-36;Em uso;EFETIVADO;;;;;;
UNB;110124_4386 - SALA DE REUNIÃO / CEAD;ALICE MELO RIBEIRO;2022008888;-POLTRONA GIRATÓRIA COR: AZUL -PATRIMÔNIO ANTERIOR: 395442;-INVENTÁRIO PATRIMONIAL-SEI: 23106.124498/2022-36;Em uso;EFETIVADO;;;;;;
UNB;110124_4386 - SALA DE REUNIÃO / CEAD;ALICE MELO RIBEIRO;2022008887;-POLTRONA GIRATÓRIA COR: AZUL -PATRIMÔNIO ANTERIOR: 395447;-INVENTÁRIO PATRIMONIAL-SEI: 23106.124498/2022-36;Em uso;EFETIVADO;;;;;;
UNB;110124_4386 - SALA DE REUNIÃO / CEAD;ALICE MELO RIBEIRO;2022008876;-POLTRONA GIRATÓRIA COR: AZUL -PATRIMÔNIO ANTERIOR: 395465;-INVENTÁRIO PATRIMONIAL-SEI: 23106.124498/2022-36;Em uso;EFETIVADO;;;;;;
UNB;110124_4386 - SALA DE REUNIÃO / CEAD;ALICE MELO RIBEIRO;2022008890;-POLTRONA GIRATÓRIA COR: AZUL -PATRIMÔNIO ANTERIOR: 395492;-INVENTÁRIO PATRIMONIAL-SEI: 23106.124498/2022-36;Em uso;EFETIVADO;;;;;;
UNB;110124_4386 - SALA DE REUNIÃO / CEAD;ALICE MELO RIBEIRO;2022008889;-POLTRONA GIRATÓRIA COR: AZUL -PATRIMÔNIO ANTERIOR: 396743;-INVENTÁRIO PATRIMONIAL-SEI: 23106.124498/2022-36;Em uso;EFETIVADO;;;;;;
UNB;110124_4386 - SALA DE REUNIÃO / CEAD;ALICE MELO RIBEIRO;2022008881;-POLTRONA GIRATÓRIA COR: AZUL -PATRIMÔNIO ANTERIOR: 396756;-INVENTÁRIO PATRIMONIAL-SEI: 23106.124498/2022-36;Em uso;EFETIVADO;;;;;;
UNB;110124_4386 - SALA DE REUNIÃO / CEAD;ALICE MELO RIBEIRO;2022008880;-POLTRONA GIRATÓRIA COR: AZUL -PATRIMÔNIO ANTERIOR: 396758;-INVENTÁRIO PATRIMONIAL-SEI: 23106.124498/2022-36;Em uso;EFETIVADO;;;;;;
UNB;110124_4386 - SALA DE REUNIÃO / CEAD;ALICE MELO RIBEIRO;2022008879;-POLTRONA GIRATÓRIA COR: AZUL -PATRIMÔNIO ANTERIOR: 396771;-INVENTÁRIO PATRIMONIAL-SEI: 23106.124498/2022-36;Em uso;EFETIVADO;;;;;;
UNB;110124_4386 - SALA DE REUNIÃO / CEAD;ALICE MELO RIBEIRO;2022008877;-POLTRONA GIRATÓRIA COR: AZUL -PATRIMÔNIO ANTERIOR: 396779;-INVENTÁRIO PATRIMONIAL -SEI: 23106.124498/2022-36;Em uso;EFETIVADO;;;;;;
UNB;110124_4386 - SALA DE REUNIÃO / CEAD;ALICE MELO RIBEIRO;2022008878;-POLTRONA GIRATÓRIA COR: AZUL -PATRIMÔNIO ANTERIOR: 396887;-INVENTÁRIO PATRIMONIAL-SEI: 23106.124498/2022-36;Em uso;EFETIVADO;;;;;;
UNB;110124_4386 - SALA DE REUNIÃO / CEAD;ALICE MELO RIBEIRO;2022008883;-POLTRONA GIRATÓRIA COR: AZUL -PATRIMÔNIO ANTERIOR: 396933;-INVENTÁRIO PATRIMONIAL-SEI: 23106.124498/2022-36;Em uso;EFETIVADO;;;;;;
UNB;110124_4394 - SALA COORDENAÇÃO ACADÊMICA / CEAD;ALICE MELO RIBEIRO;2022008884;-POLTRONA GIRATÓRIA COR: AZUL -PATRIMÔNIO ANTERIOR: 396939;-INVENTÁRIO PATRIMONIAL-SEI: 23106.124498/2022-36;Em uso;EFETIVADO;;;;;;
UNB;110124_4386 - SALA DE REUNIÃO / CEAD;ALICE MELO RIBEIRO;2022008886;-POLTRONA GIRATÓRIA COR: AZUL -PATRIMÔNIO ANTERIOR: 396940;-INVENTÁRIO PATRIMONIAL-SEI: 23106.124498/2022-36;Em uso;EFETIVADO;;;;;;
UNB;110124_4394 - SALA COORDENAÇÃO ACADÊMICA / CEAD;ALICE MELO RIBEIRO;2022003404;POLTRONA; GIRATÓRIA; APOIA; BRAÇOS;"-INVENTÁRIO PATRIMONIAL -SEI: 23106.091537/2021-21-SEI: ""7959653""-PATRIMÔNIO ANTERIOR: 396748-NF: 1610  DATA: 25/09/2013";;;;;
UNB;110124_4394 - SALA COORDENAÇÃO ACADÊMICA / CEAD;ALICE MELO RIBEIRO;2022003405;POLTRONA; GIRATÓRIA; APOIA; BRAÇOS;"-INVENTÁRIO PATRIMONIAL -SEI: 23106.091537/2021-21-SEI: ""7959653""-PATRIMÔNIO ANTERIOR: 396985-NF: 1610  DATA: 25/09/2013";;;;;
UNB;110124_4394 - SALA COORDENAÇÃO ACADÊMICA / CEAD;ALICE MELO RIBEIRO;2022003406;POLTRONA; GIRATÓRIA; APOIA; BRAÇOS;"-INVENTÁRIO PATRIMONIAL -SEI: 23106.091537/2021-21-SEI: ""7959653""-PATRIMÔNIO ANTERIOR: 396988-NF: 1610  DATA: 25/09/2013";;;;;
UNB;110124_4394 - SALA COORDENAÇÃO ACADÊMICA / CEAD;ALICE MELO RIBEIRO;2022003407;POLTRONA; GIRATÓRIA; APOIA; BRAÇOS;"-INVENTÁRIO PATRIMONIAL -SEI: 23106.091537/2021-21-SEI: ""7959653""-PATRIMÔNIO ANTERIOR: 396945-NF: 1610  DATA: 25/09/2013";;;;;
UNB;110124_4394 - SALA COORDENAÇÃO ACADÊMICA / CEAD;ALICE MELO RIBEIRO;2022003408;POLTRONA; GIRATÓRIA; APOIA; BRAÇOS;"-INVENTÁRIO PATRIMONIAL -SEI: 23106.091537/2021-21-SEI: ""7959653""-PATRIMÔNIO ANTERIOR: 396753-NF: 1610  DATA: 25/09/2013";;;;;
UNB;110124_4394 - SALA COORDENAÇÃO ACADÊMICA / CEAD;ALICE MELO RIBEIRO;2022003409;POLTRONA; GIRATÓRIA; APOIA; BRAÇOS;"-INVENTÁRIO PATRIMONIAL -SEI: 23106.091537/2021-21-SEI: ""7959653""-PATRIMÔNIO ANTERIOR: 396931-NF: 1610  DATA: 25/09/2013";;;;;
UNB;110124_4394 - SALA COORDENAÇÃO ACADÊMICA / CEAD;ALICE MELO RIBEIRO;2022003410;POLTRONA; GIRATÓRIA; APOIA; BRAÇOS;"-INVENTÁRIO PATRIMONIAL -SEI: 23106.091537/2021-21-SEI: ""7959653""-PATRIMÔNIO ANTERIOR: 396972-NF: 1610  DATA: 25/09/2013";;;;;
UNB;110124_4394 - SALA COORDENAÇÃO ACADÊMICA / CEAD;ALICE MELO RIBEIRO;2022003411;POLTRONA; GIRATÓRIA; APOIA; BRAÇOS;"-INVENTÁRIO PATRIMONIAL -SEI: 23106.091537/2021-21-SEI: ""7959653""-PATRIMÔNIO ANTERIOR: 396900-NF: 1610  DATA: 25/09/2013";;;;;
UNB;110124_4398 - SALA ILHA DE EDIÇÃO / CEAD;ALICE MELO RIBEIRO;2022003412;POLTRONA; GIRATÓRIA; APOIA; BRAÇOS;"-INVENTÁRIO PATRIMONIAL -SEI: 23106.091537/2021-21-SEI: ""7959653""-PATRIMÔNIO ANTERIOR: 396896-NF: 1610  DATA: 25/09/2013";;;;;
UNB;110124_4398 - SALA ILHA DE EDIÇÃO / CEAD;ALICE MELO RIBEIRO;2022003413;POLTRONA; GIRATÓRIA; APOIA; BRAÇOS;"-INVENTÁRIO PATRIMONIAL -SEI: 23106.091537/2021-21-SEI: ""7959653""-PATRIMÔNIO ANTERIOR: 396950-NF: 1610  DATA: 25/09/2013";;;;;
UNB;110124_4386 - SALA DE REUNIÃO / CEAD;ALICE MELO RIBEIRO;2022003414;POLTRONA; GIRATÓRIA; APOIA; BRAÇOS;"-INVENTÁRIO PATRIMONIAL -SEI: 23106.091537/2021-21-SEI: ""7959653""-PATRIMÔNIO ANTERIOR: 396911-NF: 1610  DATA: 25/09/2013";;;;;
UNB;110124_4398 - SALA ILHA DE EDIÇÃO / CEAD;ALICE MELO RIBEIRO;2022003415;POLTRONA; GIRATÓRIA; APOIA; BRAÇOS;"-INVENTÁRIO PATRIMONIAL -SEI: 23106.091537/2021-21-SEI: ""7959653""-PATRIMÔNIO ANTERIOR: 396781-NF: 1610  DATA: 25/09/2013";;;;;
UNB;110124_4387 - RECEPÇÃO / CEAD;ALICE MELO RIBEIRO;2022003416;POLTRONA; GIRATÓRIA; APOIA; BRAÇOS;"-INVENTÁRIO PATRIMONIAL -SEI: 23106.091537/2021-21-SEI: ""7959653""-PATRIMÔNIO ANTERIOR: 396956-NF: 1610  DATA: 25/09/2013";;;;;
UNB;110124_4392 - SALA DA COORD. PLANEJAMENTO E FINANANÇAS / CEAD;ALICE MELO RIBEIRO;367166;POLTRONA GIRATÓRIA SEM BRAÇOS;Bem MIGRADO do SIPAT: Registro: 367166 - Origem: FEPADDados da última movimentação no SIPAT:Ano: 2019 Número: 9490 Matrícula Remetente: 1036581 Matrícula Recebedor: 1123220 Local Remetente: 185143 Local Recebedor: 191753 Tipo de Movimentacão: 2 Data: Jul 31 2019 11:13AM Justificativa:Documentos de Ingresso: TIPO DE DOC. INGRESSO: 2404 NOTA FISCAL | 151 ATO DO DECANATO DE ADMINISTRAÇÃOEmpenho(s):;Em uso;EFETIVADO;;;;;;
UNB;110124_4392 - SALA DA COORD. PLANEJAMENTO E FINANANÇAS / CEAD;ALICE MELO RIBEIRO;367176;POLTRONA GIRATÓRIA SEM BRAÇOS;Bem MIGRADO do SIPAT: Registro: 367176 - Origem: FEPADDados da última movimentação no SIPAT:Ano: 2019 Número: 9473 Matrícula Remetente: 1047931 Matrícula Recebedor: 1123220 Local Remetente: 133728 Local Recebedor: 191753 Tipo de Movimentacão: 2 Data: Jul 31 2019 10:47AM Justificativa:Documentos de Ingresso: TIPO DE DOC. INGRESSO: 2404 NOTA FISCAL | 151 ATO DO DECANATO DE ADMINISTRAÇÃOEmpenho(s):;Em uso;ACAUTELADO;MAGDA TEIXEIRA MARTINS;;;;;
UNB;110124_4396 - SALA ESTÚDIO DE GRAVAÇÃO / CEAD;ALICE MELO RIBEIRO;367177;POLTRONA GIRATÓRIA SEM BRAÇOS;Bem MIGRADO do SIPAT: Registro: 367177 - Origem: FEPADDados da última movimentação no SIPAT:Ano: 2019 Número: 9491 Matrícula Remetente: 1107500 Matrícula Recebedor: 1123220 Local Remetente: 133728 Local Recebedor: 191753 Tipo de Movimentacão: 2 Data: Jul 30 2019  3:03PM Justificativa:Documentos de Ingresso: TIPO DE DOC. INGRESSO: 2404 NOTA FISCAL | 151 ATO DO DECANATO DE ADMINISTRAÇÃOEmpenho(s):;Em uso;EFETIVADO;;;;;;
UNB;110124_4396 - SALA ESTÚDIO DE GRAVAÇÃO / CEAD;ALICE MELO RIBEIRO;367165;POLTRONA GIRATÓRIA SEM BRAÇOS;Bem MIGRADO do SIPAT: Registro: 367165 - Origem: FEPADDados da última movimentação no SIPAT:Ano: 2019 Número: 9473 Matrícula Remetente: 1047931 Matrícula Recebedor: 1123220 Local Remetente: 133728 Local Recebedor: 191753 Tipo de Movimentacão: 2 Data: Jul 31 2019 10:47AM Justificativa:Documentos de Ingresso: TIPO DE DOC. INGRESSO: 2404 NOTA FISCAL | 151 ATO DO DECANATO DE ADMINISTRAÇÃOEmpenho(s):;Em uso;EFETIVADO;;;;;;
UNB;110124_4392 - SALA DA COORD. PLANEJAMENTO E FINANANÇAS / CEAD;ALICE MELO RIBEIRO;367179;POLTRONA GIRATÓRIA SEM BRAÇOS;Bem MIGRADO do SIPAT: Registro: 367179 - Origem: FEPADDados da última movimentação no SIPAT:Ano: 2019 Número: 9486 Matrícula Remetente: 1030906 Matrícula Recebedor: 1123220 Local Remetente: 133728 Local Recebedor: 191753 Tipo de Movimentacão: 2 Data: Jul 31 2019  3:58PM Justificativa:Documentos de Ingresso: TIPO DE DOC. INGRESSO: 2404 NOTA FISCAL | 151 ATO DO DECANATO DE ADMINISTRAÇÃOEmpenho(s):;Em uso;ACAUTELADO;BRENO MESQUITA DA SILVA;;;;;
UNB;110124_4396 - SALA ESTÚDIO DE GRAVAÇÃO / CEAD;ALICE MELO RIBEIRO;367169;POLTRONA GIRATÓRIA SEM BRAÇOS;Bem MIGRADO do SIPAT: Registro: 367169 - Origem: FEPADDados da última movimentação no SIPAT:Ano: 2019 Número: 11114 Matrícula Remetente: 1116100 Matrícula Recebedor: 1043633 Local Remetente: 191754 Local Recebedor: 191748 Tipo de Movimentacão: 2 Data: Ago 19 2019 11:46AM Justificativa:Documentos de Ingresso: TIPO DE DOC. INGRESSO: 2404 NOTA FISCAL | 151 ATO DO DECANATO DE ADMINISTRAÇÃOEmpenho(s):;Em uso;EFETIVADO;;;;;;
UNB;110124_4381 - COORD.DO CURSO DE LETRAS-LIP/CEAD_186773;ALICE MELO RIBEIRO;299239;PROJETOR DE MULTIMÍDIA;Bem MIGRADO do SIPAT: Registro: 299239 - Origem: FUBDados da última movimentação no SIPAT:Ano: 2012 Número: 1250 Matrícula Remetente: 150401 Matrícula Recebedor: 1015826 Local Remetente: 185740 Local Recebedor: 186773 Tipo de Movimentacão: 3 Data: Mar  2 2012  9:47AM Justificativa:Documentos de Ingresso: TIPO DE DOC. INGRESSO: 2103 NOTA FISCALEmpenho(s): EMPENHOS: Número: 913655 Data:Dez 31 2008 12:00AM;Em uso;ACAUTELADO;JANAINA DE AQUINO FERRAZ;;;;;
UNB;110124_4380 - COORD.DO CURSO DE MÚSICA-MUS/CEAD_186231;ALICE MELO RIBEIRO;373919;PROJETOR DE MULTIMÍDIA;Bem MIGRADO do SIPAT: Registro: 373919 - Origem: FUBDados da última movimentação no SIPAT:Ano: 2012 Número: 8208 Matrícula Remetente: 1042459 Matrícula Recebedor: 1044800 Local Remetente: 185501 Local Recebedor: 186231 Tipo de Movimentacão: 2 Data: Set  3 2012  1:53PM Justificativa:Documentos de Ingresso: TIPO DE DOC. INGRESSO: 948 NOTA FISCALEmpenho(s): EMPENHOS: Número: 808653 Data:Dez  3 2011 12:00AM;Em uso;EFETIVADO;;;;;;
UNB;110124_4381 - COORD.DO CURSO DE LETRAS-LIP/CEAD_186773;ALICE MELO RIBEIRO;299231;PROJETOR DE MULTIMÍDIA;Bem MIGRADO do SIPAT: Registro: 299231 - Origem: FUBDados da última movimentação no SIPAT:Ano: 2012 Número: 1250 Matrícula Remetente: 150401 Matrícula Recebedor: 1015826 Local Remetente: 185740 Local Recebedor: 186773 Tipo de Movimentacão: 3 Data: Mar  2 2012  9:47AM Justificativa:Documentos de Ingresso: TIPO DE DOC. INGRESSO: 2103 NOTA FISCALEmpenho(s): EMPENHOS: Número: 913655 Data:Dez 31 2008 12:00AM;Em uso;ACAUTELADO;JANAINA DE AQUINO FERRAZ;;;;;
UNB;110124_4393 - SALA CTIC / CEAD;ALICE MELO RIBEIRO;305528;PROJETOR DE MULTIMÍDIA;Bem MIGRADO do SIPAT: Registro: 305528 - Origem: FUBDados da última movimentação no SIPAT:Ano: 2019 Número: 11120 Matrícula Remetente: 1036581 Matrícula Recebedor: 1043633 Local Remetente: 185143 Local Recebedor: 191748 Tipo de Movimentacão: 2 Data: Ago 20 2019  2:41PM Justificativa:Documentos de Ingresso: TIPO DE DOC. INGRESSO: 324 NOTA FISCALEmpenho(s): EMPENHOS: Número: 905762 Data:Jul 17 2009 12:00AM;Em uso;ACAUTELADO;LUIS MARCOS MARTINS DO NASCIMENTO;;;;;
UNB;110124_4386 - SALA DE REUNIÃO / CEAD;ALICE MELO RIBEIRO;429379;PROJETOR DE MULTIMÍDIA;Bem MIGRADO do SIPAT: Registro: 429379 - Origem: FUBDados da última movimentação no SIPAT:Ano: 2019 Número: 7177 Matrícula Remetente: 1036581 Matrícula Recebedor: 1043633 Local Remetente: 185143 Local Recebedor: 191748 Tipo de Movimentacão: 2 Data: Jun 28 2019 10:36AM Justificativa:Documentos de Ingresso: TIPO DE DOC. INGRESSO: 3139 NOTA FISCALEmpenho(s): EMPENHOS: Número: 805907 Data:Out 21 2014 12:00AM;Em uso;EFETIVADO;;;;;;
UNB;110124_4393 - SALA CTIC / CEAD;ALICE MELO RIBEIRO;429432;PROJETOR DE MULTIMÍDIA;Bem MIGRADO do SIPAT: Registro: 429432 - Origem: FUBDados da última movimentação no SIPAT:Ano: 2019 Número: 7178 Matrícula Remetente: 1043391 Matrícula Recebedor: 1043633 Local Remetente: 185501 Local Recebedor: 191748 Tipo de Movimentacão: 2 Data: Jun 28 2019 10:36AM Justificativa:Documentos de Ingresso: TIPO DE DOC. INGRESSO: 3144 NOTA FISCALEmpenho(s): EMPENHOS: Número: 805598 Data:Out 13 2014 12:00AM;Em uso;ACAUTELADO;LUIS MARCOS MARTINS DO NASCIMENTO;;;;;
UNB;110124_4393 - SALA CTIC / CEAD;ALICE MELO RIBEIRO;429431;PROJETOR DE MULTIMÍDIA;Bem MIGRADO do SIPAT: Registro: 429431 - Origem: FUBDados da última movimentação no SIPAT:Ano: 2019 Número: 11134 Matrícula Remetente: 1043391 Matrícula Recebedor: 1043633 Local Remetente: 185501 Local Recebedor: 191748 Tipo de Movimentacão: 2 Data: Ago 20 2019  1:09PM Justificativa:Documentos de Ingresso: TIPO DE DOC. INGRESSO: 3144 NOTA FISCALEmpenho(s): EMPENHOS: Número: 805598 Data:Out 13 2014 12:00AM;Em uso;ACAUTELADO;LUIS MARCOS MARTINS DO NASCIMENTO;;;;;
UNB;110124_4375 - UNIVERSIDADE ABERTA DO BRASIL/CEAD_185501;ALICE MELO RIBEIRO;373916;PROJETOR DE MULTIMÍDIA;Bem MIGRADO do SIPAT: Registro: 373916 - Origem: FUBDados da última movimentação no SIPAT:Ano: 2012 Número: 12815 Matrícula Remetente: 1042459 Matrícula Recebedor: 713546 Local Remetente: 185501 Local Recebedor: 185501 Tipo de Movimentacão: 2 Data: Dez 17 2012 10:39AM Justificativa:Documentos de Ingresso: TIPO DE DOC. INGRESSO: 948 NOTA FISCALEmpenho(s): EMPENHOS: Número: 808653 Data:Dez  3 2011 12:00AM;Em uso;ACAUTELADO;RUI SEIMETZ;;;;;
UNB;110124_4396 - SALA ESTÚDIO DE GRAVAÇÃO / CEAD;ALICE MELO RIBEIRO;373920;PROJETOR DE MULTIMÍDIA;Bem MIGRADO do SIPAT: Registro: 373920 - Origem: FUBDados da última movimentação no SIPAT:Ano: 2020 Número: 933 Matrícula Remetente: 1043633 Matrícula Recebedor: 1123220 Local Remetente: 191748 Local Recebedor: 191753 Tipo de Movimentacão: 2 Data: Jan 31 2020  2:59PM Justificativa:Documentos de Ingresso: TIPO DE DOC. INGRESSO: 948 NOTA FISCALEmpenho(s): EMPENHOS: Número: 808653 Data:Dez  3 2011 12:00AM;Em uso;EFETIVADO;;;;;;
UNB;110124_4393 - SALA CTIC / CEAD;ALICE MELO RIBEIRO;2022001023;PROJETOR; MULTIMÍDIA;Características ==> Marca: NEC | Modelo: NP 405 | Série: 9Z40156FB TIPO DE DOC. INGRESSO: 1273 NOTA FISCALN/S: NP405G 9Z40156FB;NEC;Em uso;;;;;
UNB;110124_4393 - SALA CTIC / CEAD;ALICE MELO RIBEIRO;2022001022;PROJETOR; MULTIMÍDIA;Características ==> Marca: NEC | Modelo: NP 405 | Série: 9Z40209FBTIPO DE DOC. INGRESSO: 1273 NOTA FISCALN/S: NP405G 9Z40209FB;NEC;Em uso;;;;;
UNB;110124_4373 - CENTRO DE EDUCAÇÃO À DISTÂNCIA/CEAD_133728;ALICE MELO RIBEIRO;228753;PURIFICADOR DE AGUA;Bem MIGRADO do SIPAT: Registro: 228753 - Origem: FUBDados da última movimentação no SIPAT:Ano: 2004 Número: 4627 Matrícula Remetente:  Matrícula Recebedor: 613878 Local Remetente:  Local Recebedor: 133728 Tipo de Movimentacão: 1 Data:  Justificativa:Documentos de Ingresso: TIPO DE DOC. INGRESSO: 4222 NOTA FISCALEmpenho(s): EMPENHOS: Número: 904244 Data:Jul 16 2004 12:00AM;Em uso;ACAUTELADO;BERNARDO KIPNIS;;;;;
UNB;;;2024009692 (BEM DE TERCEIRO);RACK INTELBRAS 19 24US DESMONTAVEL PRETO  BENS DE 3°- 11086;PROJETO FINATEC 56390/2024BENS DE 3°- 11086COORDENADOR(A): LETICIA LOPES LEITESEI:23106.112762/2024-51N/F: 132969 SERIE:5;Em uso;EFETIVADO;;;;;;
UNB;110124_4390 - COPA / CEAD;ALICE MELO RIBEIRO;302138;REFRIGERADOR DOMÉSTICO/GELADEIRA;Bem MIGRADO do SIPAT: Registro: 302138 - Origem: FUBDados da última movimentação no SIPAT:Ano: 2019 Número: 6699 Matrícula Remetente: 1036581 Matrícula Recebedor: 1094122 Local Remetente: 185143 Local Recebedor: 191745 Tipo de Movimentacão: 2 Data: Jun 27 2019  1:39PM Justificativa:Documentos de Ingresso: TIPO DE DOC. INGRESSO: 387 ATO DO DECANATO DE ADMINISTRAÇÃOEmpenho(s):;Em uso;EFETIVADO;;;;;;
UNB;110124_4390 - COPA / CEAD;ALICE MELO RIBEIRO;401545;REFRIGERADOR DOMÉSTICO/GELADEIRA;Bem MIGRADO do SIPAT: Registro: 401545 - Origem: FUBDados da última movimentação no SIPAT:Ano: 2020 Número: 1700 Matrícula Remetente: 9992242 Matrícula Recebedor: 9992241 Local Remetente: 188228 Local Recebedor: 188229 Tipo de Movimentacão: 6 Data: Fev 19 2020  5:13PM Justificativa: Processo SEI 23106.159132/2019-82Documentos de Ingresso: TIPO DE DOC. INGRESSO: 8 NOTA FISCALEmpenho(s): EMPENHOS: Número: 802895 Data:Out  7 2013 12:00AM;Em uso;EFETIVADO;;;;;;
UNB;110124_4375 - UNIVERSIDADE ABERTA DO BRASIL/CEAD_185501;ALICE MELO RIBEIRO;270237;ROTEADOR;Bem MIGRADO do SIPAT: Registro: 270237 - Origem: FUBDados da última movimentação no SIPAT:Ano: 2013 Número: 427 Matrícula Remetente: 1042459 Matrícula Recebedor: 713546 Local Remetente: 185501 Local Recebedor: 185501 Tipo de Movimentacão: 2 Data: Fev  6 2013 11:03AM Justificativa:Documentos de Ingresso: TIPO DE DOC. INGRESSO: 60231 NOTA FISCALEmpenho(s): EMPENHOS: Número: 912421 Data:Dez 28 2007 12:00AM;Em uso;ACAUTELADO;RUI SEIMETZ;;;;;
UNB;110124_4380 - COORD.DO CURSO DE MÚSICA-MUS/CEAD_186231;ALICE MELO RIBEIRO;323283;ROTEADOR WIRELESS;Bem MIGRADO do SIPAT: Registro: 323283 - Origem: FUBDados da última movimentação no SIPAT:Ano: 2011 Número: 6857 Matrícula Remetente: 1039237 Matrícula Recebedor: 1044800 Local Remetente: 186231 Local Recebedor: 186231 Tipo de Movimentacão: 2 Data: Ago  1 2011  8:12AM Justificativa:Documentos de Ingresso: TIPO DE DOC. INGRESSO: 13182 NOTA FISCALEmpenho(s): EMPENHOS: Número: 914054 Data:Nov 30 2009 12:00AM;Em uso;EFETIVADO;;;;;;
UNB;110124_4381 - COORD.DO CURSO DE LETRAS-LIP/CEAD_186773;ALICE MELO RIBEIRO;323285;ROTEADOR WIRELESS;Bem MIGRADO do SIPAT: Registro: 323285 - Origem: FUBDados da última movimentação no SIPAT:Ano: 2012 Número: 1250 Matrícula Remetente: 150401 Matrícula Recebedor: 1015826 Local Remetente: 185740 Local Recebedor: 186773 Tipo de Movimentacão: 3 Data: Mar  2 2012  9:47AM Justificativa:Documentos de Ingresso: TIPO DE DOC. INGRESSO: 13182 NOTA FISCALEmpenho(s): EMPENHOS: Número: 914054 Data:Nov 30 2009 12:00AM;Em uso;ACAUTELADO;JANAINA DE AQUINO FERRAZ;;;;;
UNB;;;2025003069 (BEM DE TERCEIRO);- SAMSUNG GALAXY BOOK3 360 NP730QFG-KF2BR -BENS DE 3°:12209;-PROJETO FINATEC:39840/2025-BENS DE 3°:12209-COORDENADOR (A):ALICE MELO RIBEIRO-SEI:23106.059024/2025-59-NF:1064 SÉRIE 1;Em uso;EFETIVADO;;;;;;
UNB;;;2025003070 (BEM DE TERCEIRO);- SAMSUNG TABLET GALAXY TAB S9 256GB WI-FI GRAFITE  -BENS DE 3°:12210 E 12211;-PROJETO FINATEC:39840/2025-BENS DE 3°:12210 E 12211-COORDENADOR (A):ALICE MELO RIBEIRO-SEI:23106.059024/2025-59-NF:1064 SÉRIE 1;Em uso;EFETIVADO;;;;;;
UNB;;;2025003071 (BEM DE TERCEIRO);- SAMSUNG TABLET GALAXY TAB S9 256GB WI-FI GRAFITE  -BENS DE 3°:12210 E 12211;-PROJETO FINATEC:39840/2025-BENS DE 3°:12210 E 12211-COORDENADOR (A):ALICE MELO RIBEIRO-SEI:23106.059024/2025-59-NF:1064 SÉRIE 1;Em uso;EFETIVADO;;;;;;
UNB;110124_4375 - UNIVERSIDADE ABERTA DO BRASIL/CEAD_185501;ALICE MELO RIBEIRO;391269;SANDUICHEIRA;Bem MIGRADO do SIPAT: Registro: 391269 - Origem: PESFISDados da última movimentação no SIPAT:Ano: 2013 Número: 12284 Matrícula Remetente:  Matrícula Recebedor: 713546 Local Remetente:  Local Recebedor: 185501 Tipo de Movimentacão: 1 Data: Out 16 2013  3:00PM Justificativa:Documentos de Ingresso: Empenho(s):;Em uso;ACAUTELADO;RUI SEIMETZ;;;;;
UNB;110124_4399 - SALA COFRE PRÉDIO DO INFRA - CEAD;ALICE MELO RIBEIRO;2024006305;SERVER LENOVO ST550 -MODELO: ST550 -N° SERIE: 7X10CTO1WW-J5000R1G;-PROCESSO DE EMPENHO SEI:23106.032645/2024-12*2024NE798-PROCESSO DE COMPRA SEI:23106.053777/2024-70-UNIDADE REQUISITANTE: CENTRO DE EDUCAÇÃO A DISTANCIA E TECNOLOGIAS EDUCIONAIS (11.01.24)-NF:216  SÉRIE:1;Em uso;ACAUTELADO;LUIS MARCOS MARTINS DO NASCIMENTO;;;;;
UNB;110124_4400 - LABORATÓRIO DE PESQUISA E INOVAÇÃO DARCY RIBEIRO - LAPIDAR/CEAD;ALICE MELO RIBEIRO;2024008649 (BEM DE TERCEIRO);"-SMART TV 43"" 4K LG UHD THINQ AL 43UR7800PSA"; HDR;-PROJETO FINATEC: 53351/2024-BENS DE 3°: 10607-COORDENADOR: LETICIA LOPES LEITE-SEI: 23106.089458/2024-01-NF:1702 SÉRIE:1 DATA:12/09/2024;"-Smart TV 43"" 4K LG UHD ThinQ Al 43UR7800PSA, HDR, 3 HDMI, Bivolt Ashed Blue-BENS DE 3°: 10607";LG;;;;;
UNB;110124_4400 - LABORATÓRIO DE PESQUISA E INOVAÇÃO DARCY RIBEIRO - LAPIDAR/CEAD;ALICE MELO RIBEIRO;2024008647 (BEM DE TERCEIRO);"-SMART TV 43"" 4K LG UHD THINQ AL 43UR7800PSA"; HDR;-PROJETO FINATEC: 53351/2024-BENS DE 3°: 10608-COORDENADOR: LETICIA LOPES LEITE-SEI: 23106.089458/2024-01-NF:1702 SÉRIE:1 DATA:12/09/2024;"-Smart TV 43"" 4K LG UHD ThinQ Al 43UR7800PSA, HDR, 3 HDMI, Bivolt Ashed Blue-BENS DE 3°: 10608";LG;;;;;
UNB;110124_4400 - LABORATÓRIO DE PESQUISA E INOVAÇÃO DARCY RIBEIRO - LAPIDAR/CEAD;ALICE MELO RIBEIRO;2024008648 (BEM DE TERCEIRO);"-SMART TV 43"" 4K LG UHD THINQ AL 43UR7800PSA"; HDR;-PROJETO FINATEC: 53351/2024-BENS DE 3°: 10609-COORDENADOR: LETICIA LOPES LEITE-SEI: 23106.089458/2024-01-NF:1702 SÉRIE:1 DATA:12/09/2024;"-Smart TV 43"" 4K LG UHD ThinQ Al 43UR7800PSA, HDR, 3 HDMI, Bivolt Ashed Blue-BENS DE 3°: 10609";LG;;;;;
UNB;110124_4396 - SALA ESTÚDIO DE GRAVAÇÃO / CEAD;ALICE MELO RIBEIRO;367194;SOFÁ 2 LUGARES;Bem MIGRADO do SIPAT: Registro: 367194 - Origem: FEPADDados da última movimentação no SIPAT:Ano: 2019 Número: 9421 Matrícula Remetente: 1047931 Matrícula Recebedor: 1116100 Local Remetente: 133728 Local Recebedor: 191754 Tipo de Movimentacão: 2 Data: Jul 31 2019 10:46AM Justificativa:Documentos de Ingresso: TIPO DE DOC. INGRESSO: 2404 NOTA FISCAL | 151 ATO DO DECANATO DE ADMINISTRAÇÃOEmpenho(s):;Em uso;ACAUTELADO;;;;;;
UNB;110124_4387 - RECEPÇÃO / CEAD;ALICE MELO RIBEIRO;387137;SOFÁ 3 LUGARES;Bem MIGRADO do SIPAT: Registro: 387137 - Origem: FUBDados da última movimentação no SIPAT:Ano: 2019 Número: 6672 Matrícula Remetente: 1036581 Matrícula Recebedor: 1094122 Local Remetente: 185143 Local Recebedor: 191742 Tipo de Movimentacão: 2 Data: Jun 27 2019  1:39PM Justificativa:Documentos de Ingresso: Empenho(s):;Em uso;EFETIVADO;;;;;;
UNB;;;2025003073 (BEM DE TERCEIRO);- SUPORTE MOVEL PARA TELA DIGITAL INTERATIVA DE 55 A 75 -BENS DE 3°:12208;-PROJETO FINATEC:40058/2025-BENS DE 3°:12208-COORDENADOR (A):ALICE MELO RIBEIRO-SEI:23106.059024/2025-59-NF:1064 SÉRIE 1;Em uso;EFETIVADO;;;;;;
UNB;110124_4396 - SALA ESTÚDIO DE GRAVAÇÃO / CEAD;ALICE MELO RIBEIRO;2021006955 (BEM DE TERCEIRO);SUPORTE PARA MONITOR;SUPORTE PMONITOR DE 43 A 65P CNPJ: 043.708.379/0065-66 FAST SHOP NUMERO: 287 DATA: 06/01/2016;Em uso;EFETIVADO;;;;;;
UNB;110124_4396 - SALA ESTÚDIO DE GRAVAÇÃO / CEAD;ALICE MELO RIBEIRO;2021006956 (BEM DE TERCEIRO);SUPORTE PARA MONITOR;SUPORTE PMONITOR DE 43 A 65P CNPJ: 043.708.379/0065-66 FAST SHOP NUMERO: 287 DATA: 06/01/2016;Em uso;EFETIVADO;;;;;;
UNB;;;2025000957;SUPORTE; TETO;-PROCESSO DE EMPENHO SEI:23106.056424/2024-21 * 2024NE2776-PROCESSO DE COMPRA SEI:23106.012350/2025-01-UNIDADE REQUISITANTE:CENTRO DE EDUCACAO A DISTANCIA E TECNOLOGIAS EDUCACIONAIS (11.01.24)-NF:3723 SÉRIE 1;AP-500-MNT-W2 universal metal mount bracket for AP-5xx models (wall, type 2;NÃO INFORMADA;;;;;
UNB;110124_4394 - SALA COORDENAÇÃO ACADÊMICA / CEAD;ALICE MELO RIBEIRO;302289;SWITCH-COMUTADOR DE DADOS 24 PORTAS;Bem MIGRADO do SIPAT: Registro: 302289 - Origem: FUBDados da última movimentação no SIPAT:Ano: 2019 Número: 6889 Matrícula Remetente: 713546 Matrícula Recebedor: 1121570 Local Remetente: 185501 Local Recebedor: 191746 Tipo de Movimentacão: 2 Data: Jun 26 2019  3:55PM Justificativa:Documentos de Ingresso: TIPO DE DOC. INGRESSO: 4639 NOTA FISCALEmpenho(s): EMPENHOS: Número: 900924 Data:Mar 10 2009 12:00AM;Em uso;EFETIVADO;;;;;;
UNB;110124_4375 - UNIVERSIDADE ABERTA DO BRASIL/CEAD_185501;ALICE MELO RIBEIRO;428265;TABLET;Bem MIGRADO do SIPAT: Registro: 428265 - Origem: FUBDados da última movimentação no SIPAT:Ano: 2015 Número: 913 Matrícula Remetente:  Matrícula Recebedor: 1043391 Local Remetente:  Local Recebedor: 185501 Tipo de Movimentacão: 1 Data: Dez 11 2018  5:51PM Justificativa:Documentos de Ingresso: TIPO DE DOC. INGRESSO: 44474 NOTA FISCALEmpenho(s): EMPENHOS: Número: 805589 Data:Out 13 2014 12:00AM;Em uso;EFETIVADO;;;;;;
UNB;110124_4375 - UNIVERSIDADE ABERTA DO BRASIL/CEAD_185501;ALICE MELO RIBEIRO;428264;TABLET;Bem MIGRADO do SIPAT: Registro: 428264 - Origem: FUBDados da última movimentação no SIPAT:Ano: 2015 Número: 913 Matrícula Remetente:  Matrícula Recebedor: 1043391 Local Remetente:  Local Recebedor: 185501 Tipo de Movimentacão: 1 Data: Dez 11 2018  5:51PM Justificativa:Documentos de Ingresso: TIPO DE DOC. INGRESSO: 44474 NOTA FISCALEmpenho(s): EMPENHOS: Número: 805589 Data:Out 13 2014 12:00AM;Em uso;EFETIVADO;;;;;;
UNB;110124_4375 - UNIVERSIDADE ABERTA DO BRASIL/CEAD_185501;ALICE MELO RIBEIRO;428267;TABLET;Bem MIGRADO do SIPAT: Registro: 428267 - Origem: FUBDados da última movimentação no SIPAT:Ano: 2015 Número: 913 Matrícula Remetente:  Matrícula Recebedor: 1043391 Local Remetente:  Local Recebedor: 185501 Tipo de Movimentacão: 1 Data: Dez 11 2018  5:51PM Justificativa:Documentos de Ingresso: TIPO DE DOC. INGRESSO: 44474 NOTA FISCALEmpenho(s): EMPENHOS: Número: 805589 Data:Out 13 2014 12:00AM;Em uso;EFETIVADO;;;;;;
UNB;;;2025003072 (BEM DE TERCEIRO);- TELA INTERATIVA TOUCH 65 ANDROID 8.0 HIKVISION -BENS DE 3°:12207;-PROJETO FINATEC:40058/2025-BENS DE 3°:12207-COORDENADOR (A):ALICE MELO RIBEIRO-SEI:23106.059024/2025-59-NF:1064 SÉRIE 1;Em uso;EFETIVADO;;;;;;
UNB;110124_4388 - ALMOXARIFADO / CEAD;ALICE MELO RIBEIRO;300448;TELA P/PROJEÇÃO;Bem MIGRADO do SIPAT: Registro: 300448 - Origem: FUBDados da última movimentação no SIPAT:Ano: 2019 Número: 6722 Matrícula Remetente: 1047931 Matrícula Recebedor: 1094122 Local Remetente: 133728 Local Recebedor: 191743 Tipo de Movimentacão: 2 Data: Jun 28 2019  8:45AM Justificativa:Documentos de Ingresso: TIPO DE DOC. INGRESSO: 165 NOTA FISCALEmpenho(s): EMPENHOS: Número: 901513 Data:Mar 26 2009 12:00AM;Em uso;EFETIVADO;;;;;;
UNB;110124_4386 - SALA DE REUNIÃO / CEAD;ALICE MELO RIBEIRO;247529;TELA P/PROJEÇÃO;Bem MIGRADO do SIPAT: Registro: 247529 - Origem: FUBDados da última movimentação no SIPAT:Ano: 2020 Número: 3464 Matrícula Remetente: 9992242 Matrícula Recebedor: 9992241 Local Remetente: 188228 Local Recebedor: 188229 Tipo de Movimentacão: 6 Data: Jul 15 2020  9:22PM Justificativa: Devolução de bens do contrato 034/2019 CebraspeDocumentos de Ingresso: TIPO DE DOC. INGRESSO: 3512 NOTA FISCALEmpenho(s): EMPENHOS: Número: 902198 Data:Dez  1 2005 12:00AM;Em uso;EFETIVADO;;;;;;
UNB;110124_4375 - UNIVERSIDADE ABERTA DO BRASIL/CEAD_185501;ALICE MELO RIBEIRO;233285;TELA P/PROJEÇÃO;Bem MIGRADO do SIPAT: Registro: 233285 - Origem: FUBDados da última movimentação no SIPAT:Ano: 2012 Número: 13844 Matrícula Remetente: 67385 Matrícula Recebedor: 713546 Local Remetente: 185143 Local Recebedor: 185501 Tipo de Movimentacão: 2 Data: Jan  9 2013  2:42PM Justificativa:Documentos de Ingresso: TIPO DE DOC. INGRESSO: 51 NOTA FISCALEmpenho(s): EMPENHOS: Número: 902354 Data:Mai  4 2005 12:00AM;Em uso;ACAUTELADO;RUI SEIMETZ;;;;;
UNB;110124_4380 - COORD.DO CURSO DE MÚSICA-MUS/CEAD_186231;ALICE MELO RIBEIRO;318086;TELA P/PROJEÇÃO;Bem MIGRADO do SIPAT: Registro: 318086 - Origem: FUBDados da última movimentação no SIPAT:Ano: 2011 Número: 6854 Matrícula Remetente: 1039237 Matrícula Recebedor: 1044800 Local Remetente: 186231 Local Recebedor: 186231 Tipo de Movimentacão: 2 Data: Ago  1 2011  8:12AM Justificativa:Documentos de Ingresso: TIPO DE DOC. INGRESSO: 422 NOTA FISCALEmpenho(s): EMPENHOS: Número: 913330 Data:Nov 24 2009 12:00AM;Em uso;EFETIVADO;;;;;;
UNB;110124_4396 - SALA ESTÚDIO DE GRAVAÇÃO / CEAD;ALICE MELO RIBEIRO;2024008684 (BEM DE TERCEIRO);-TELE PROMPTER STUDIO LED LCD 18.5  -BENS DE 3°: 10667;-PROJETO FINATEC: 51039/2024-BENS DE 3°: 10667-COORDENADOR: LETICIA LOPES LEITE-SEI: 23106.090471/2024-02-NF: 7375 SÉRIE:001 DATA:16/09/2024;Em uso;EFETIVADO;;;;;;
UNB;110124_4384 - SALA DA DIREÇÃO / CEAD;ALICE MELO RIBEIRO;386610;TELEVISOR/TV;Bem MIGRADO do SIPAT: Registro: 386610 - Origem: FUBDados da última movimentação no SIPAT:Ano: 2019 Número: 6698 Matrícula Remetente: 713546 Matrícula Recebedor: 1094122 Local Remetente: 185501 Local Recebedor: 191742 Tipo de Movimentacão: 2 Data: Jun 26 2019  2:21PM Justificativa:Documentos de Ingresso: TIPO DE DOC. INGRESSO: 318 NOTA FISCALEmpenho(s): EMPENHOS: Número: 805845 Data:Out  3 2012 12:00AM;Em uso;EFETIVADO;;;;;;
UNB;110124_4396 - SALA ESTÚDIO DE GRAVAÇÃO / CEAD;ALICE MELO RIBEIRO;414050;TELEVISOR/TV;Bem MIGRADO do SIPAT: Registro: 414050 - Origem: FUBDados da última movimentação no SIPAT:Ano: 2020 Número: 934 Matrícula Remetente: 1046675 Matrícula Recebedor: 1116100 Local Remetente: 191748 Local Recebedor: 191754 Tipo de Movimentacão: 2 Data: Jan 31 2020  2:59PM Justificativa:Documentos de Ingresso: TIPO DE DOC. INGRESSO: 765 NOTA FISCALEmpenho(s): EMPENHOS: Número: 800727 Data:Fev 28 2014 12:00AM;Em uso;EFETIVADO;;;;;;
UNB;110124_4393 - SALA CTIC / CEAD;ALICE MELO RIBEIRO;315302;TELEVISOR/TV;Bem MIGRADO do SIPAT: Registro: 315302 - Origem: FUBDados da última movimentação no SIPAT:Ano: 2020 Número: 935 Matrícula Remetente: 1116100 Matrícula Recebedor: 1043633 Local Remetente: 191754 Local Recebedor: 191748 Tipo de Movimentacão: 2 Data: Jan 31 2020  2:59PM Justificativa:Documentos de Ingresso: TIPO DE DOC. INGRESSO: 182 NOTA FISCALEmpenho(s): EMPENHOS: Número: 912194 Data:Nov 11 2009 12:00AM;Em uso;ACAUTELADO;LUIS MARCOS MARTINS DO NASCIMENTO;;;;;
UNB;110124_4396 - SALA ESTÚDIO DE GRAVAÇÃO / CEAD;ALICE MELO RIBEIRO;110437;TRIPÉ;Bem MIGRADO do SIPAT: Registro: 110437 - Origem: FUBDados da última movimentação no SIPAT:Ano: 2019 Número: 2988 Matrícula Remetente: 1008226 Matrícula Recebedor: 1066234 Local Remetente: 138932 Local Recebedor: 188373 Tipo de Movimentacão: 2 Data: Mar 26 2019 10:30AM Justificativa:Documentos de Ingresso: Empenho(s):;Em uso;EFETIVADO;;;;;;
UNB;110124_4396 - SALA ESTÚDIO DE GRAVAÇÃO / CEAD;ALICE MELO RIBEIRO;351919;TRIPÉ;Bem MIGRADO do SIPAT: Registro: 351919 - Origem: FUBDados da última movimentação no SIPAT:Ano: 2019 Número: 9425 Matrícula Remetente: 713546 Matrícula Recebedor: 1116100 Local Remetente: 185501 Local Recebedor: 191754 Tipo de Movimentacão: 2 Data: Jul 30 2019  3:58PM Justificativa:Documentos de Ingresso: TIPO DE DOC. INGRESSO: 119 NOTA FISCALEmpenho(s): EMPENHOS: Número: 908272 Data:Dez  6 2010 12:00AM;Em uso;EFETIVADO;;;;;;
UNB;110124_4396 - SALA ESTÚDIO DE GRAVAÇÃO / CEAD;ALICE MELO RIBEIRO;351920;TRIPÉ;Bem MIGRADO do SIPAT: Registro: 351920 - Origem: FUBDados da última movimentação no SIPAT:Ano: 2019 Número: 9425 Matrícula Remetente: 713546 Matrícula Recebedor: 1116100 Local Remetente: 185501 Local Recebedor: 191754 Tipo de Movimentacão: 2 Data: Jul 30 2019  3:58PM Justificativa:Documentos de Ingresso: TIPO DE DOC. INGRESSO: 119 NOTA FISCALEmpenho(s): EMPENHOS: Número: 908272 Data:Dez  6 2010 12:00AM;Em uso;EFETIVADO;;;;;;
UNB;110124_4396 - SALA ESTÚDIO DE GRAVAÇÃO / CEAD;ALICE MELO RIBEIRO;2024005054;-TRIPÉ MOD 682AN / ER180 / TF180;-PROCESSO DE EMPENHO SEI: 23106.131980/2023-11 *2023NE4408-PROCESSO DE PAGAMENTO SEI:  23106.040351/2024-56-UNIDADE REQUISITANTE: CENTRO DE EDUCAÇÃO A DISTÂNCIA E TECNOLOGIAS EDUCACIONAIS (110124)-NF: 1894-NF:;Em uso;EFETIVADO;;;;;;
UNB;110124_4396 - SALA ESTÚDIO DE GRAVAÇÃO / CEAD;ALICE MELO RIBEIRO;2024005055;-TRIPÉ MOD 682AN / ER180 / TF180;-PROCESSO DE EMPENHO SEI: 23106.131980/2023-11 *2023NE4408-PROCESSO DE PAGAMENTO SEI:  23106.040351/2024-56-UNIDADE REQUISITANTE: CENTRO DE EDUCAÇÃO A DISTÂNCIA E TECNOLOGIAS EDUCACIONAIS (110124)-NF: 1894-NF:;Em uso;EFETIVADO;;;;;;
UNB;110124_4396 - SALA ESTÚDIO DE GRAVAÇÃO / CEAD;ALICE MELO RIBEIRO;2024005056;-TRIPÉ MOD 682AN / ER180 / TF180;-PROCESSO DE EMPENHO SEI: 23106.131980/2023-11 *2023NE4408-PROCESSO DE PAGAMENTO SEI:  23106.040351/2024-56-UNIDADE REQUISITANTE: CENTRO DE EDUCAÇÃO A DISTÂNCIA E TECNOLOGIAS EDUCACIONAIS (110124)-NF: 1894-NF:;Em uso;EFETIVADO;;;;;;
UNB;110124_4396 - SALA ESTÚDIO DE GRAVAÇÃO / CEAD;ALICE MELO RIBEIRO;2024005052;#NOME?;-PROCESSO DE EMPENHO SEI: 23106.131980/2023-11 *2023NE4408-PROCESSO DE PAGAMENTO SEI:  23106.040351/2024-56-UNIDADE REQUISITANTE: CENTRO DE EDUCAÇÃO A DISTÂNCIA E TECNOLOGIAS EDUCACIONAIS (110124)-NF: 1894-NF:;Em uso;EFETIVADO;;;;;;
UNB;110124_4396 - SALA ESTÚDIO DE GRAVAÇÃO / CEAD;ALICE MELO RIBEIRO;2024005053;#NOME?;-PROCESSO DE EMPENHO SEI: 23106.131980/2023-11 *2023NE4408-PROCESSO DE PAGAMENTO SEI:  23106.040351/2024-56-UNIDADE REQUISITANTE: CENTRO DE EDUCAÇÃO A DISTÂNCIA E TECNOLOGIAS EDUCACIONAIS (110124)-NF: 1894-NF:;Em uso;EFETIVADO;;;;;;
UNB;110124_4396 - SALA ESTÚDIO DE GRAVAÇÃO / CEAD;ALICE MELO RIBEIRO;398321;TRIPÉ P/CÂMERA FILMADORA/FOTOGRÁFICA;Bem MIGRADO do SIPAT: Registro: 398321 - Origem: FUBDados da última movimentação no SIPAT:Ano: 2019 Número: 14490 Matrícula Remetente: 9992241 Matrícula Recebedor: 1123220 Local Remetente: 182720 Local Recebedor: 191753 Tipo de Movimentacão: 2 Data: Out  9 2019  9:28AM Justificativa:Documentos de Ingresso: TIPO DE DOC. INGRESSO: 76 NOTA FISCALEmpenho(s): EMPENHOS: Número: 801502 Data:Jun  6 2013 12:00AM;Em uso;EFETIVADO;;;;;;
UNB;110124_4396 - SALA ESTÚDIO DE GRAVAÇÃO / CEAD;ALICE MELO RIBEIRO;2024008685 (BEM DE TERCEIRO);-TRIPÉ /PEOESTAL PARA TABLET  -BENS DE 3°: 10668;-PROJETO FINATEC: 51039/2024-BENS DE 3°: 10668-COORDENADOR: LETICIA LOPES LEITE-SEI: 23106.090471/2024-02-NF: 7375 SÉRIE:001 DATA:16/09/2024;Em uso;EFETIVADO;;;;;;
UNB;110124_4396 - SALA ESTÚDIO DE GRAVAÇÃO / CEAD;ALICE MELO RIBEIRO;385997;TRIPE P/KIT DE ILUMINAÇÃO;Bem MIGRADO do SIPAT: Registro: 385997 - Origem: PESFISDados da última movimentação no SIPAT:Ano: 2019 Número: 9427 Matrícula Remetente: 713546 Matrícula Recebedor: 1116100 Local Remetente: 186134 Local Recebedor: 191754 Tipo de Movimentacão: 2 Data: Jul 30 2019  3:58PM Justificativa:Documentos de Ingresso: Empenho(s):;Em uso;EFETIVADO;;;;;;
UNB;110124_4396 - SALA ESTÚDIO DE GRAVAÇÃO / CEAD;ALICE MELO RIBEIRO;385996;TRIPE P/KIT DE ILUMINAÇÃO;Bem MIGRADO do SIPAT: Registro: 385996 - Origem: PESFISDados da última movimentação no SIPAT:Ano: 2019 Número: 9427 Matrícula Remetente: 713546 Matrícula Recebedor: 1116100 Local Remetente: 186134 Local Recebedor: 191754 Tipo de Movimentacão: 2 Data: Jul 30 2019  3:58PM Justificativa:Documentos de Ingresso: Empenho(s):;Em uso;EFETIVADO;;;;;;
UNB;110124_4373 - CENTRO DE EDUCAÇÃO À DISTÂNCIA/CEAD_133728;ALICE MELO RIBEIRO;228022;VENTILADOR DE PAREDE;Bem MIGRADO do SIPAT: Registro: 228022 - Origem: FUBDados da última movimentação no SIPAT:Ano: 2004 Número: 3661 Matrícula Remetente:  Matrícula Recebedor: 613878 Local Remetente:  Local Recebedor: 133728 Tipo de Movimentacão: 1 Data:  Justificativa:Documentos de Ingresso: TIPO DE DOC. INGRESSO: 3134 NOTA FISCALEmpenho(s): EMPENHOS: Número: 902990 Data:Mai 26 2004 12:00AM;Em uso;ACAUTELADO;BERNARDO KIPNIS;;;;;
UNB;110124_4375 - UNIVERSIDADE ABERTA DO BRASIL/CEAD_185501;ALICE MELO RIBEIRO;265255;VENTILADOR DE TETO;Bem MIGRADO do SIPAT: Registro: 265255 - Origem: FUBRADados da última movimentação no SIPAT:Ano: 2012 Número: 13844 Matrícula Remetente: 67385 Matrícula Recebedor: 713546 Local Remetente: 185143 Local Recebedor: 185501 Tipo de Movimentacão: 2 Data: Jan  9 2013  2:42PM Justificativa:Documentos de Ingresso: TIPO DE DOC. INGRESSO: 379 ATO DO DECANATO DE ADMINISTRAÇÃOEmpenho(s):;Em uso;ACAUTELADO;RUI SEIMETZ;;;;;
UNB;110124_4373 - CENTRO DE EDUCAÇÃO À DISTÂNCIA/CEAD_133728;ALICE MELO RIBEIRO;229134;VIDEO CASSETE;Bem MIGRADO do SIPAT: Registro: 229134 - Origem: FUBDados da última movimentação no SIPAT:Ano: 2004 Número: 5956 Matrícula Remetente:  Matrícula Recebedor: 613878 Local Remetente:  Local Recebedor: 133728 Tipo de Movimentacão: 1 Data:  Justificativa:Documentos de Ingresso: TIPO DE DOC. INGRESSO: 207634 NOTA FISCALEmpenho(s): EMPENHOS: Número: 905848 Data:Out  1 2004 12:00AM;Em uso;ACAUTELADO;BERNARDO KIPNIS;;;;;
UNB;;;2024006548 (BEM DE TERCEIRO);-XIAOMI MI PAD 6; 8+128GB (BLUE)  -BENS DE 3°: 9698;XIAOMI;Em uso;EFETIVADO;;;;;
UNB;110124_4394 - SALA COORDENAÇÃO ACADÊMICA / CEAD;ALICE MELO RIBEIRO;2022001010;Z; MONITOR;MONITOR AOC  7617/2021  PATRIMÔNIO ANTERIOR 378756;Características ==> Marca: AOC | Modelo: E2343F2KTIPO DE DOC. INGRESSO: 12401 NOTA FISCALN/S: ADE17IA000201;AOC;;;;;
UNB;110124_4392 - SALA DA COORD. PLANEJAMENTO E FINANANÇAS / CEAD;ALICE MELO RIBEIRO;2022001000;Z; MONITOR;MONITOR AOC  7617/2021  PATRIMÔNIO ANTERIOR 378703;Características ==> Marca: AOC | Modelo: E2343F2KTIPO DE DOC. INGRESSO: 12401 NOTA FISCALN/S: ADE17IA000202;AOC;;;;;
UNB;110124_4394 - SALA COORDENAÇÃO ACADÊMICA / CEAD;ALICE MELO RIBEIRO;2022001008;Z; MONITOR;MONITOR AOC  7617/2021  PATRIMÔNIO ANTERIOR 378747;Características ==> Marca: AOC | Modelo: E2343F2KTIPO DE DOC. INGRESSO: 12401 NOTA FISCALN/S: ADE17IA000208;AOC;;;;;
UNB;110124_4394 - SALA COORDENAÇÃO ACADÊMICA / CEAD;ALICE MELO RIBEIRO;2022001014;Z; MONITOR;MONITOR AOC  7617/2021  PATRIMÔNIO ANTERIOR 378780;Características ==> Marca: AOC | Modelo: E2343F2KTIPO DE DOC. INGRESSO: 12401 NOTA FISCALN/S: ADE17IA000209;AOC;;;;;
UNB;110124_4393 - SALA CTIC / CEAD;ALICE MELO RIBEIRO;2022001003;Z; MONITOR;MONITOR AOC  7617/2021  PATRIMÔNIO ANTERIOR 378715;Características ==> Marca: AOC | Modelo: E2343F2KTIPO DE DOC. INGRESSO: 12401 NOTA FISCALN/S: ADE17IA000213;AOC;;;;;
UNB;110124_4393 - SALA CTIC / CEAD;ALICE MELO RIBEIRO;2022001002;Z; MONITOR;MONITOR AOC  7616/2021  PATRIMÔNIO ANTERIOR 378709;Características ==> Marca: AOC | Modelo: E2343F2KTIPO DE DOC. INGRESSO: 12401 NOTA FISCALN/S: ADE17IA000218;AOC;;;;;
UNB;110124_4400 - LABORATÓRIO DE PESQUISA E INOVAÇÃO DARCY RIBEIRO - LAPIDAR/CEAD;ALICE MELO RIBEIRO;2022000999;Z; MONITOR;MONITOR AOC  7617/2021  PATRIMÔNIO ANTERIOR 378701;Características ==> Marca: AOC | Modelo: E2343F2KTIPO DE DOC. INGRESSO: 12401 NOTA FISCALN/S: ADE17IA000224;AOC;;;;;
UNB;110124_4393 - SALA CTIC / CEAD;ALICE MELO RIBEIRO;2022001001;Z; MONITOR;MONITOR AOC  7617/2021  PATRIMÔNIO ANTERIOR 378704;Características ==> Marca: AOC | Modelo: E2343F2KTIPO DE DOC. INGRESSO: 12401 NOTA FISCALN/S: ADE17IA000230;AOC;;;;;
UNB;110124_4393 - SALA CTIC / CEAD;ALICE MELO RIBEIRO;2022001012;Z; MONITOR;MONITOR AOC  7617/2021  PATRIMÔNIO ANTERIOR 378776;Características ==> Marca: AOC | Modelo: E2343F2KTIPO DE DOC. INGRESSO: 12401 NOTA FISCALN/S: ADE17IA002252;AOC;;;;;
UNB;110124_4392 - SALA DA COORD. PLANEJAMENTO E FINANANÇAS / CEAD;ALICE MELO RIBEIRO;2022001016;Z; MONITOR;MONITOR AOC  7617/2021  PATRIMÔNIO ANTERIOR 378795;Características ==> Marca: AOC | Modelo: E2343F2KTIPO DE DOC. INGRESSO: 12401 NOTA FISCALN/S: ADE19IA002646;AOC;;;;;
UNB;110124_4394 - SALA COORDENAÇÃO ACADÊMICA / CEAD;ALICE MELO RIBEIRO;2022001005;Z; MONITOR;MONITOR AOC  7617/2021  PATRIMÔNIO ANTERIOR 378726;Características ==> Marca: AOC | Modelo: E2343F2KTIPO DE DOC. INGRESSO: 12401 NOTA FISCALN/S: ADE19IA005367;AOC;;;;;
UNB;110124_4393 - SALA CTIC / CEAD;ALICE MELO RIBEIRO;2022001017;Z; MONITOR;MONITOR AOC  7616/2021  PATRIMÔNIO ANTERIOR 378799;Características ==> Marca: AOC | Modelo: E2343F2KTIPO DE DOC. INGRESSO: 12401 NOTA FISCALN/S: ADE19IA005370;AOC;;;;;
UNB;110124_4393 - SALA CTIC / CEAD;ALICE MELO RIBEIRO;2022001007;Z; MONITOR;MONITOR AOC  7617/2021  PATRIMÔNIO ANTERIOR 378741;Características ==> Marca: AOC | Modelo: E2343F2KTIPO DE DOC. INGRESSO: 12401 NOTA FISCALN/S: ADE19IA005373;AOC;;;;;
UNB;110124_4393 - SALA CTIC / CEAD;ALICE MELO RIBEIRO;2022001015;Z; MONITOR;MONITOR AOC  7616/2021  PATRIMÔNIO ANTERIOR 378790;Características ==> Marca: AOC | Modelo: E2343F2KTIPO DE DOC. INGRESSO: 12401 NOTA FISCALN/S: ADE19IA005376;AOC;;;;;
UNB;110124_4400 - LABORATÓRIO DE PESQUISA E INOVAÇÃO DARCY RIBEIRO - LAPIDAR/CEAD;ALICE MELO RIBEIRO;2022001013;Z; MONITOR;MONITOR AOC  7617/2021  PATRIMÔNIO ANTERIOR 378779;(NULL)N/S: ADE19IA005385;AOC;;;;;
UNB;110124_4394 - SALA COORDENAÇÃO ACADÊMICA / CEAD;ALICE MELO RIBEIRO;2022001004;Z; MONITOR;MONITOR AOC  7617/2021  PATRIMÔNIO ANTERIOR 378725;Características ==> Marca: AOC | Modelo: E2343F2KTIPO DE DOC. INGRESSO: 12401 NOTA FISCALN/S: ADE19IA005389;AOC;;;;;
UNB;110124_4391 - SALA DA SECRETARIA / CEAD;ALICE MELO RIBEIRO;2022001011;Z; MONITOR;MONITOR AOC  7616/2021  PATRIMÔNIO ANTERIOR 378767;Características ==> Marca: AOC | Modelo: E2343F2KTIPO DE DOC. INGRESSO: 12401 NOTA FISCALN/S: ADE19IA005403;AOC;;;;;
UNB;110124_4392 - SALA DA COORD. PLANEJAMENTO E FINANANÇAS / CEAD;ALICE MELO RIBEIRO;2022001006;Z; MONITOR;MONITOR AOC  7617/2021  PATRIMÔNIO ANTERIOR 378727;Características ==> Marca: AOC | Modelo: E2343F2KTIPO DE DOC. INGRESSO: 12401 NOTA FISCALN/S: ADE19IA005404;AOC;;;;;
UNB;110124_4393 - SALA CTIC / CEAD;ALICE MELO RIBEIRO;2022001009;Z; MONITOR;MONITOR AOC  7617/2021  PATRIMÔNIO ANTERIOR 378749;Características ==> Marca: AOC | Modelo: E2343F2KTIPO DE DOC. INGRESSO: 12401 NOTA FISCALN/S: ADE19IA005419;AOC;;;;;
